 x1:   10.009   10.004   10.009   10.002   10.007    9.999   10.007   10.000
 x1:    9.990    9.998   10.008    9.999    9.994    9.996   10.001   10.008
 x1:   10.001    9.996    9.991   10.004   10.005    9.991   10.003    9.995
 x1:    9.996   10.000    9.998   10.008   10.001   10.001    9.998   10.004
 x1:   10.001    9.997   10.002    9.995    9.991   10.007    9.992   10.005
 x2:   -0.119    0.994    0.125   -0.068   -0.162   -0.577   -0.528   -0.372
 x2:    0.740   -0.496    0.939   -0.393   -0.252   -0.303    0.402    0.229
 x2:    0.518    0.598   -0.569    0.787    0.799    0.878   -0.452   -0.046
 x2:   -0.493   -0.276    0.054   -0.238    0.647   -0.371    0.326    0.295
 x2:   -0.059    0.436   -0.962   -0.043    0.979    0.955   -0.004   -0.918
 x3:   -0.732    0.870   -0.965   -0.878    0.015   -0.246   -0.795    0.010
 x3:   -0.540   -0.612    0.081    0.821    0.162   -0.590    0.768   -0.429
 x3:   -0.703    0.952   -0.464   -0.713    0.714   -0.753    0.858    0.119
 x3:   -0.645    0.230   -0.313   -0.281   -0.161    0.586   -0.329    0.768
 x3:   -0.080   -0.999    0.471   -0.144   -0.990    0.933    0.337    0.794
 x4:   -0.594    0.116    0.421   -0.038    0.458    0.209    0.976    0.809
 x4:    0.047   -0.180   -0.411   -0.267   -0.464   -0.204    0.784   -0.547
 x4:   -0.281   -0.655    0.115   -0.191    0.955    0.277    0.939   -0.372
 x4:   -0.188    0.373   -0.683    0.549   -0.390   -0.510   -0.363    0.349
 x4:   -0.203    0.916   -0.629   -0.133    0.346   -0.102    0.149    0.798
 x5:    0.687   -0.271   -0.443   -0.496   -0.515   -0.988    0.605    0.897
 x5:   -0.046   -0.300   -0.000   -0.354   -0.179   -0.244   -0.428   -0.924
 x5:   -0.966    0.976   -0.845   -0.611   -0.105   -0.748    0.632   -0.395
 x5:   -0.945    0.906    0.286   -0.693    0.699   -0.602    0.872   -0.968
 x5:   -0.101   -0.234   -0.180    0.819    0.573   -0.737   -0.201    0.640
 x6:  107.818  -83.211   62.416  122.721  -18.980    7.409   35.371   14.812
 x6:   15.440   67.987  -86.731 -111.890  -38.296   26.182  -32.427   18.264
 x6:   60.142 -105.959  -20.511   -3.702  -48.416   40.680 -170.414  -50.525
 x6:   72.975   -3.926   35.325   40.017   38.896 -123.531   58.630  -49.522
 x6:    8.572   47.852  -98.503   46.912  132.546  -36.537  -73.313 -126.718
 y:   30.951   13.460   24.614   27.513   15.078   19.072   16.442   14.663
 y:   21.526   26.179   20.019   12.613   19.958   25.190   10.038   26.696
 y:   27.222   16.744   18.735   24.232   10.909   20.621    5.634   19.504
 y:   25.010   16.320   27.748   19.079   24.584   16.410   25.203   14.830
 y:   23.518   18.716   18.624   24.151   26.540   17.218   14.945    8.375
