0	2.8776	1.3415e+07
1	5.1187	1.1694e+07
2	7.6661	9.2033e+06
3	10.065	6.4799e+06
4	11.765	3.6679e+06
5	12.509	5.8901e+05
6	12.388	-2.8336e+06
7	11.646	-6.1551e+06
8	10.561	-8.4938e+06
9	9.3752	-9.0948e+06
10	8.2713	-7.7996e+06
11	7.3639	-5.042e+06
12	6.7068	-1.5257e+06
13	6.3046	2.1095e+06
14	6.1282	5.4384e+06
15	6.1279	8.2731e+06
16	6.2457	1.0596e+07
17	6.4245	1.2465e+07
18	6.6145	1.3933e+07
19	6.7771	1.4989e+07
20	6.8861	1.5537e+07
21	6.9281	1.5404e+07
22	6.9008	1.4369e+07
23	6.8107	1.221e+07
24	6.671	8.7474e+06
25	6.4987	3.8961e+06
26	6.3122	-2.3035e+06
27	6.1296	-9.6612e+06
28	5.9668	-1.7831e+07
29	5.8363	-2.6318e+07
30	5.747	-3.4506e+07
31	5.7036	-4.1689e+07
32	5.707	-4.7118e+07
33	5.7544	-5.0048e+07
34	5.8405	-4.9789e+07
35	5.9576	-4.5754e+07
36	6.0967	-3.7496e+07
37	6.2485	-2.4749e+07
38	6.4035	-7.4432e+06
39	6.553	1.4279e+07
40	6.6896	4.0065e+07
41	6.8073	6.9363e+07
42	6.9017	1.0144e+08
43	6.9701	1.3543e+08
44	7.0116	1.7034e+08
45	7.0264	2.0511e+08
46	7.0163	2.3868e+08
47	6.9839	2.7e+08
48	6.9325	2.9808e+08
49	6.8658	3.2204e+08
50	6.7876	3.4114e+08
51	6.7016	3.5483e+08
52	6.6113	3.627e+08
53	6.5194	3.6458e+08
54	6.4286	3.6048e+08
55	6.3407	3.5061e+08
56	6.257	3.3535e+08
57	6.1785	3.1526e+08
58	6.1056	2.9101e+08
59	6.0384	2.634e+08
60	5.977	2.3329e+08
61	5.9213	2.0159e+08
62	5.8713	1.692e+08
63	5.827	1.37e+08
64	5.7887	1.0582e+08
65	5.757	7.6394e+07
66	5.7324	4.9363e+07
67	5.716	2.524e+07
68	5.7089	4.4094e+06
69	5.7123	-1.2884e+07
70	5.7276	-2.653e+07
71	5.7558	-3.6551e+07
72	5.798	-4.3091e+07
73	5.8549	-4.6399e+07
74	5.927	-4.6816e+07
75	6.0141	-4.4751e+07
76	6.1158	-4.0661e+07
77	6.2309	-3.5033e+07
78	6.3579	-2.8356e+07
79	6.4946	-2.1107e+07
80	6.6385	-1.3652e+07
81	6.7865	-6.1783e+06
82	6.9353	1.6532e+06
83	7.0815	1.0908e+07
84	7.2215	2.2918e+07
85	7.3522	3.7937e+07
86	7.4793	5.4132e+07
87	7.6396	6.8393e+07
88	7.8459	7.8308e+07
89	8.0119	8.3258e+07
90	8.0865	8.4107e+07
91	8.0704	8.1573e+07
92	7.9473	7.6405e+07
93	7.7198	6.8242e+07
94	7.4859	5.6266e+07
95	7.3071	4.0593e+07
96	7.1786	2.3324e+07
97	7.0852	7.7644e+06
98	7.0149	-3.5283e+06
99	6.9586	-9.8308e+06
100	6.9103	-1.185e+07
101	6.866	-1.0831e+07
102	6.8232	-7.927e+06
103	6.7808	-4.1012e+06
104	6.7386	-63659
105	6.6969	3.6764e+06
106	6.6561	6.7706e+06
107	6.6169	8.9984e+06
108	6.5801	1.0241e+07
109	6.546	1.0463e+07
110	6.5149	9.6899e+06
111	6.4868	8.0022e+06
112	6.4613	5.5199e+06
113	6.4379	2.3952e+06
114	6.4159	-1.1955e+06
115	6.3944	-5.0588e+06
116	6.3726	-8.9901e+06
117	6.3495	-1.2781e+07
118	6.3241	-1.6223e+07
119	6.2959	-1.9118e+07
120	6.2642	-2.128e+07
121	6.2286	-2.2542e+07
122	6.189	-2.2761e+07
123	6.1455	-2.1826e+07
124	6.0984	-1.9658e+07
125	6.0482	-1.6212e+07
126	5.9956	-1.1486e+07
127	5.9414	-5.5153e+06
128	5.8865	1.6256e+06
129	5.8316	9.8235e+06
130	5.7776	1.8931e+07
131	5.7252	2.8768e+07
132	5.6749	3.9131e+07
133	5.627	4.9794e+07
134	5.5816	6.0521e+07
135	5.5386	7.1067e+07
136	5.4976	8.1191e+07
137	5.4579	9.066e+07
138	5.4188	9.9259e+07
139	5.3794	1.0679e+08
140	5.3386	1.131e+08
141	5.2953	1.1805e+08
142	5.2485	1.2155e+08
143	5.1973	1.2354e+08
144	5.141	1.2402e+08
145	5.0791	1.23e+08
146	5.0112	1.2056e+08
147	4.9375	1.1679e+08
148	4.8583	1.1182e+08
149	4.7743	1.0581e+08
150	4.6867	9.8934e+07
151	4.5967	9.1375e+07
152	4.5057	8.333e+07
153	4.4156	7.499e+07
154	4.3282	6.6543e+07
155	4.2453	5.8163e+07
156	4.1686	5.0008e+07
157	4.0999	4.2214e+07
158	4.0406	3.4895e+07
159	3.9919	2.8136e+07
160	3.9547	2.2002e+07
161	3.9295	1.6527e+07
162	3.9166	1.1726e+07
163	3.9158	7.59e+06
164	3.9267	4.0946e+06
165	3.9485	1.2011e+06
166	3.9804	-1.1386e+06
167	4.0213	-2.9776e+06
168	4.07	-4.3706e+06
169	4.1253	-5.3694e+06
170	4.1862	-6.021e+06
171	4.2515	-6.3644e+06
172	4.3203	-6.4296e+06
173	4.3919	-6.2366e+06
174	4.4657	-5.7965e+06
175	4.5413	-5.1123e+06
176	4.6186	-4.1815e+06
177	4.6972	-2.9982e+06
178	4.7772	-1.5563e+06
179	4.8582	1.4802e+05
180	4.94	2.1125e+06
181	5.0221	4.3263e+06
182	5.1038	6.7682e+06
183	5.1844	9.4043e+06
184	5.2627	1.2188e+07
185	5.3373	1.506e+07
186	5.4062	1.7949e+07
187	5.4675	2.0778e+07
188	5.5188	2.3463e+07
189	5.5585	2.592e+07
190	5.5846	2.8069e+07
191	5.5954	2.9837e+07
192	5.5899	3.1164e+07
193	5.5676	3.2003e+07
194	5.5277	3.2329e+07
195	5.4703	3.2139e+07
196	5.3966	3.1453e+07
197	5.308	3.0315e+07
198	5.2063	2.8784e+07
199	5.0936	2.6936e+07
200	4.9731	2.486e+07
201	4.8481	2.265e+07
202	4.7214	2.0402e+07
203	4.5958	1.8202e+07
204	4.4738	1.6128e+07
205	4.3564	1.4239e+07
206	4.245	1.2572e+07
207	4.1408	1.114e+07
208	4.0436	9.933e+06
209	3.9533	8.9186e+06
210	3.8692	8.0452e+06
211	3.7895	7.2475e+06
212	3.7126	6.4571e+06
213	3.6374	5.6084e+06
214	3.5617	4.6441e+06
215	3.4848	3.5239e+06
216	3.4074	2.2307e+06
217	3.3302	7.8405e+05
218	3.2536	-7.6667e+05
219	3.1791	-2.3527e+06
220	3.1077	-3.9028e+06
221	3.0409	-5.3544e+06
222	2.9811	-6.6457e+06
223	2.9307	-7.7083e+06
224	2.8895	-8.4589e+06
225	2.8571	-8.8219e+06
226	2.835	-8.7607e+06
227	2.8233	-8.3104e+06
228	2.8205	-7.5633e+06
229	2.8269	-6.6227e+06
230	2.8416	-5.5489e+06
231	2.8588	-4.3521e+06
232	2.876	-3.0475e+06
233	2.8911	-1.6816e+06
234	2.8936	-3.413e+05
235	2.8856	9.4614e+05
236	2.874	2.2402e+06
237	2.8533	3.7203e+06
238	2.8238	5.6227e+06
239	2.7997	8.1706e+06
240	2.7842	1.1446e+07
241	2.7661	1.5329e+07
242	2.7494	1.9573e+07
243	2.7372	2.4079e+07
244	2.7321	2.8886e+07
245	2.7331	3.4006e+07
246	2.7447	3.917e+07
247	2.7684	4.3819e+07
248	2.7971	4.7488e+07
249	2.8208	5.0159e+07
250	2.8405	5.2191e+07
251	2.801	5.3911e+07
252	2.6251	5.5411e+07
253	2.3526	5.649e+07
254	2.0351	5.7217e+07
255	1.696	5.8679e+07
256	1.4756	6.2995e+07
257	1.5288	7.177e+07
258	1.8227	8.5028e+07
259	2.2571	1.0168e+08
260	2.736	1.2036e+08
261	2.9946	1.4047e+08
262	3.0127	1.6103e+08
263	2.7465	1.7976e+08
264	2.166	1.9415e+08
265	2.2698	2.0232e+08
266	3.8385	2.0454e+08
267	5.3431	2.0059e+08
268	4.3111	1.9077e+08
269	0.65569	1.7415e+08
270	-3.3352	1.5186e+08
271	-6.2338	1.257e+08
272	-7.7565	9.7732e+07
273	-6.5018	7.2383e+07
274	-2.479	5.1878e+07
275	1.1376	3.7026e+07
276	2.3099	2.5629e+07
277	2.2999	1.5876e+07
278	2.1998	8.0047e+06
279	2.1223	3.1747e+06
280	2.0561	1.728e+06
281	2.0008	2.4039e+06
282	1.9569	3.4492e+06
283	1.9248	3.8141e+06
284	1.9047	3.1925e+06
285	1.8968	1.8772e+06
286	1.9009	1.8686e+05
287	1.917	-1.5528e+06
288	1.9449	-3.1026e+06
289	1.9845	-4.2971e+06
290	2.0356	-5.0323e+06
291	2.0979	-5.2532e+06
292	2.1711	-4.9443e+06
293	2.2549	-4.1212e+06
294	2.3489	-2.8238e+06
295	2.4528	-1.1105e+06
296	2.566	9.4828e+05
297	2.6882	3.275e+06
298	2.8189	5.7882e+06
299	2.9574	8.4064e+06
300	3.1034	1.1051e+07
301	3.256	1.3648e+07
302	3.4145	1.6132e+07
303	3.5782	1.8441e+07
304	3.7463	2.0525e+07
305	3.9179	2.2344e+07
306	4.0922	2.3865e+07
307	4.2684	2.5068e+07
308	4.4454	2.5942e+07
309	4.6221	2.6484e+07
310	4.7976	2.6697e+07
311	4.971	2.6591e+07
312	5.1414	2.6181e+07
313	5.3081	2.5492e+07
314	5.4701	2.4559e+07
315	5.6267	2.3415e+07
316	5.7772	2.2097e+07
317	5.9206	2.0639e+07
318	6.0565	1.9077e+07
319	6.1845	1.7446e+07
320	6.304	1.5784e+07
321	6.4148	1.4134e+07
322	6.5169	1.2535e+07
323	6.6102	1.1022e+07
324	6.6947	9.6262e+06
325	6.7705	8.3777e+06
326	6.8379	7.3084e+06
327	6.8971	6.4444e+06
328	6.9482	5.8053e+06
329	6.9917	5.4075e+06
330	7.0283	5.2665e+06
331	7.0585	5.3948e+06
332	7.0826	5.7958e+06
333	7.1013	6.46e+06
334	7.1154	7.3676e+06
335	7.1252	8.4966e+06
336	7.1308	9.8326e+06
337	7.1329	1.1368e+07
338	7.1317	1.3097e+07
339	7.1274	1.5009e+07
340	7.1211	1.7073e+07
341	7.1134	1.9249e+07
342	7.1037	2.1495e+07
343	7.0917	2.3791e+07
344	7.0779	2.6127e+07
345	7.0622	2.8501e+07
346	7.0437	3.0891e+07
347	7.0218	3.325e+07
348	6.9965	3.5515e+07
349	6.9686	3.7625e+07
350	6.9377	3.9547e+07
351	6.904	4.1259e+07
352	6.8693	4.2743e+07
353	6.8327	4.3962e+07
354	6.7935	4.4864e+07
355	6.7512	4.5397e+07
356	6.705	4.5528e+07
357	6.6554	4.5248e+07
358	6.6042	4.4585e+07
359	6.5509	4.3574e+07
360	6.4958	4.226e+07
361	6.441	4.0667e+07
362	6.3873	3.8809e+07
363	6.3355	3.6728e+07
364	6.2854	3.4483e+07
365	6.2378	3.2109e+07
366	6.1946	2.9589e+07
367	6.1558	2.6902e+07
368	6.1192	2.4059e+07
369	6.086	2.1094e+07
370	6.0564	1.8068e+07
371	6.0288	1.5027e+07
372	6.0052	1.1962e+07
373	5.9866	8.8385e+06
374	5.9721	5.6521e+06
375	5.9607	2.4755e+06
376	5.9525	-5.8284e+05
377	5.9455	-3.4529e+06
378	5.9375	-6.1194e+06
379	5.929	-8.6576e+06
380	5.9172	-1.1191e+07
381	5.8994	-1.3828e+07
382	5.876	-1.657e+07
383	5.8479	-1.9312e+07
384	5.8125	-2.1951e+07
385	5.7729	-2.4564e+07
386	5.7311	-2.7324e+07
387	5.6834	-3.0345e+07
388	5.6264	-3.3548e+07
389	5.565	-3.6692e+07
390	5.498	-3.9547e+07
391	5.4202	-4.1969e+07
392	5.3328	-4.4068e+07
393	5.2448	-4.6155e+07
394	5.1637	-4.8523e+07
395	5.0915	-5.1133e+07
396	5.0249	-5.3699e+07
397	4.9586	-5.5856e+07
398	4.8887	-5.7455e+07
399	4.8189	-5.8425e+07
400	4.7616	-5.8735e+07
401	4.7257	-5.8241e+07
402	4.7068	-5.6745e+07
403	4.7039	-5.4045e+07
404	4.7093	-5.0039e+07
405	4.7125	-4.4887e+07
406	4.7091	-3.8926e+07
407	4.7157	-3.2423e+07
408	4.7309	-2.531e+07
409	4.7569	-1.7528e+07
410	4.7908	-9.2211e+06
411	4.8333	-1.1011e+06
412	4.8753	5.9396e+06
413	4.9118	1.1475e+07
414	4.9539	1.5769e+07
415	4.9852	1.9543e+07
416	4.9693	2.3154e+07
417	4.9024	2.681e+07
418	4.8231	3.0569e+07
419	4.7278	3.4336e+07
420	4.6395	3.7911e+07
421	4.6173	4.1496e+07
422	4.6497	4.5844e+07
423	4.677	5.1593e+07
424	4.7162	5.846e+07
425	4.7497	6.5895e+07
426	4.7756	7.2552e+07
427	4.8122	7.6856e+07
428	4.8906	7.6577e+07
429	5.0088	6.9673e+07
430	5.1519	5.5441e+07
431	5.2662	3.5122e+07
432	5.3225	1.0762e+07
433	5.3172	-1.6166e+07
434	5.2725	-4.4882e+07
435	5.2648	-7.3751e+07
436	5.3585	-1.0127e+08
437	5.682	-1.2675e+08
438	6.2623	-1.5269e+08
439	6.9796	-1.8285e+08
440	7.6287	-2.2004e+08
441	8.2214	-2.6802e+08
442	8.8123	-3.3217e+08
443	9.4185	-4.1801e+08
444	10.098	-5.2791e+08
445	10.926	-6.6021e+08
446	11.771	-8.1282e+08
447	12.465	-9.7363e+08
448	13.237	-1.1189e+09
449	14.023	-1.2173e+09
450	14.695	-1.2513e+09
451	15.491	-1.2259e+09
452	16.525	-1.155e+09
453	16.948	-1.0499e+09
454	16.018	-9.1884e+08
455	14.394	-7.644e+08
456	12.514	-5.9341e+08
457	10.418	-4.1408e+08
458	8.6699	-2.4752e+08
459	8.0718	-1.1842e+08
460	8.1655	-4.0061e+07
461	8.3358	-6.054e+06
462	8.4611	2.0357e+06
463	8.5423	5.6632e+05
464	8.5865	-2.3006e+06
465	8.6007	-4.027e+06
466	8.5909	-4.2665e+06
467	8.5612	-2.6305e+06
468	8.5151	9.5095e+05
469	8.4561	6.6296e+06
470	8.3865	1.4448e+07
471	8.3084	2.4353e+07
472	8.2244	3.6223e+07
473	8.1369	4.9878e+07
474	8.047	6.5101e+07
475	7.9558	8.1641e+07
476	7.8645	9.9229e+07
477	7.7736	1.1759e+08
478	7.6838	1.3642e+08
479	7.5958	1.5544e+08
480	7.509	1.7434e+08
481	7.4242	1.9286e+08
482	7.3421	2.1075e+08
483	7.2623	2.2779e+08
484	7.185	2.4376e+08
485	7.1115	2.5848e+08
486	7.0412	2.718e+08
487	6.9737	2.8355e+08
488	6.9095	2.9363e+08
489	6.849	3.0193e+08
490	6.7921	3.0838e+08
491	6.7381	3.1295e+08
492	6.6875	3.1559e+08
493	6.6408	3.1632e+08
494	6.5974	3.1514e+08
495	6.5563	3.1207e+08
496	6.5185	3.0718e+08
497	6.4844	3.0054e+08
498	6.453	2.9225e+08
499	6.4252	2.8245e+08
500	6.4019	2.7125e+08
501	6.3821	2.5881e+08
502	6.3645	2.4525e+08
503	6.3483	2.3072e+08
504	6.3317	2.1538e+08
505	6.3145	1.9942e+08
506	6.2985	1.8299e+08
507	6.2841	1.6628e+08
508	6.2718	1.4944e+08
509	6.2618	1.3262e+08
510	6.2534	1.1595e+08
511	6.2451	9.958e+07
512	6.2363	8.3657e+07
513	6.227	6.8325e+07
514	6.2183	5.3708e+07
515	6.2091	3.9904e+07
516	6.1979	2.7002e+07
517	6.184	1.5071e+07
518	6.168	4.1698e+06
519	6.1498	-5.6472e+06
520	6.129	-1.4345e+07
521	6.1066	-2.1919e+07
522	6.0842	-2.8374e+07
523	6.0614	-3.3723e+07
524	6.0375	-3.7984e+07
525	6.0123	-4.1192e+07
526	5.9853	-4.3389e+07
527	5.9559	-4.4616e+07
528	5.9222	-4.494e+07
529	5.8826	-4.4441e+07
530	5.8394	-4.3197e+07
531	5.794	-4.1281e+07
532	5.7458	-3.8776e+07
533	5.6954	-3.5767e+07
534	5.6442	-3.2335e+07
535	5.5936	-2.8582e+07
536	5.5416	-2.4634e+07
537	5.487	-2.062e+07
538	5.4313	-1.6629e+07
539	5.3753	-1.2677e+07
540	5.3157	-8.7918e+06
541	5.2525	-5.0251e+06
542	5.189	-1.4383e+06
543	5.1233	1.9232e+06
544	5.0535	5.0397e+06
545	4.9798	7.8984e+06
546	4.9051	1.0492e+07
547	4.8267	1.2831e+07
548	4.7423	1.4899e+07
549	4.6556	1.6697e+07
550	4.5689	1.8241e+07
551	4.4776	1.9608e+07
552	4.3864	2.0879e+07
553	4.2971	2.2052e+07
554	4.2039	2.3114e+07
555	4.1081	2.4102e+07
556	4.0124	2.5121e+07
557	3.9138	2.6265e+07
558	3.8188	2.7558e+07
559	3.7274	2.899e+07
560	3.6312	3.0526e+07
561	3.5295	3.2115e+07
562	3.4288	3.3703e+07
563	3.3268	3.5294e+07
564	3.2253	3.6929e+07
565	3.1283	3.8601e+07
566	3.0384	4.0244e+07
567	2.952	4.176e+07
568	2.8619	4.3032e+07
569	2.7706	4.3917e+07
570	2.6859	4.432e+07
571	2.6158	4.4226e+07
572	2.5586	4.3685e+07
573	2.5121	4.2796e+07
574	2.4845	4.1685e+07
575	2.4701	4.0395e+07
576	2.4533	3.8879e+07
577	2.435	3.7143e+07
578	2.4296	3.5261e+07
579	2.4311	3.3326e+07
580	2.4318	3.1336e+07
581	2.4434	2.9324e+07
582	2.4673	2.7365e+07
583	2.4882	2.5551e+07
584	2.5036	2.3866e+07
585	2.527	2.2299e+07
586	2.5533	2.0844e+07
587	2.5728	1.956e+07
588	2.5952	1.8469e+07
589	2.6094	1.7541e+07
590	2.6187	1.6755e+07
591	2.6417	1.6052e+07
592	2.6628	1.5462e+07
593	2.6728	1.4985e+07
594	2.6957	1.4499e+07
595	2.732	1.3752e+07
596	2.7632	1.2543e+07
597	2.8037	1.0872e+07
598	2.8514	8.8469e+06
599	2.8974	6.576e+06
600	2.9577	3.9713e+06
601	3.0178	8.0291e+05
602	3.0878	-2.9538e+06
603	3.1645	-7.0452e+06
604	3.2362	-1.0674e+07
605	3.2844	-1.2969e+07
606	3.3255	-1.3876e+07
607	3.3925	-1.3993e+07
608	3.5358	-1.3876e+07
609	3.7432	-1.3268e+07
610	3.9558	-1.099e+07
611	4.1742	-5.9219e+06
612	4.3723	1.8731e+06
613	4.5222	1.1278e+07
614	4.646	2.0695e+07
615	4.7265	2.9343e+07
616	4.7663	3.6981e+07
617	4.8784	4.4046e+07
618	5.0402	5.1275e+07
619	5.1133	5.9059e+07
620	5.1843	6.7581e+07
621	5.2532	7.5684e+07
622	5.1414	8.2758e+07
623	4.9054	8.9341e+07
624	4.7828	9.7292e+07
625	4.8012	1.0771e+08
626	4.8723	1.1999e+08
627	4.9935	1.3229e+08
628	5.1701	1.4332e+08
629	5.2976	1.52e+08
630	5.393	1.5697e+08
631	5.5758	1.5644e+08
632	5.8872	1.4891e+08
633	6.158	1.335e+08
634	6.4119	1.0968e+08
635	6.5899	8.0212e+07
636	6.6041	4.9039e+07
637	6.4466	1.979e+07
638	6.2302	-5.8739e+06
639	5.9544	-2.7585e+07
640	5.6355	-4.545e+07
641	5.3359	-5.8349e+07
642	5.1005	-6.4313e+07
643	4.9437	-6.2232e+07
644	4.8574	-5.3474e+07
645	4.8302	-4.1353e+07
646	4.8527	-2.9248e+07
647	4.9168	-1.9072e+07
648	5.0135	-1.1354e+07
649	5.135	-5.9267e+06
650	5.2774	-2.44e+06
651	5.4372	-5.0518e+05
652	5.6091	2.1827e+05
653	5.7876	25103
654	5.9688	-8.252e+05
655	6.1492	-2.1025e+06
656	6.3254	-3.6165e+06
657	6.4975	-5.2241e+06
658	6.6666	-6.8272e+06
659	6.8315	-8.352e+06
660	6.9895	-9.7261e+06
661	7.1391	-1.0883e+07
662	7.2783	-1.1783e+07
663	7.4057	-1.2415e+07
664	7.5219	-1.2798e+07
665	7.6276	-1.2951e+07
666	7.7231	-1.2888e+07
667	7.8098	-1.2616e+07
668	7.8873	-1.2126e+07
669	7.9558	-1.1416e+07
670	8.0157	-1.0497e+07
671	8.0664	-9.4036e+06
672	8.1079	-8.1786e+06
673	8.1389	-6.857e+06
674	8.1593	-5.4682e+06
675	8.1714	-4.0431e+06
676	8.1772	-2.6174e+06
677	8.1765	-1.2258e+06
678	8.17	1.1231e+05
679	8.1571	1.3816e+06
680	8.1372	2.5674e+06
681	8.1108	3.6525e+06
682	8.0763	4.619e+06
683	8.0384	5.4568e+06
684	8.0025	6.1667e+06
685	7.9648	6.7538e+06
686	7.9231	7.2084e+06
687	7.8818	7.5015e+06
688	7.8361	7.6025e+06
689	7.7825	7.5053e+06
690	7.7266	7.2093e+06
691	7.67	6.7381e+06
692	7.6113	6.1149e+06
693	7.5556	5.3621e+06
694	7.5044	4.4856e+06
695	7.4528	3.5029e+06
696	7.4014	2.4391e+06
697	7.3506	1.3296e+06
698	7.2993	2.0885e+05
699	7.2481	-9.0683e+05
700	7.2004	-2.0155e+06
701	7.1587	-3.1112e+06
702	7.1221	-4.1878e+06
703	7.0852	-5.228e+06
704	7.0471	-6.2236e+06
705	7.0092	-7.1536e+06
706	6.971	-8.011e+06
707	6.9339	-8.7896e+06
708	6.9003	-9.4842e+06
709	6.8716	-1.0081e+07
710	6.8432	-1.0561e+07
711	6.8101	-1.0902e+07
712	6.7706	-1.1078e+07
713	6.731	-1.1072e+07
714	6.6917	-1.0898e+07
715	6.6497	-1.0581e+07
716	6.6085	-1.012e+07
717	6.5664	-9.5132e+06
718	6.52	-8.7663e+06
719	6.473	-7.9077e+06
720	6.4231	-6.9492e+06
721	6.3623	-5.8783e+06
722	6.2931	-4.687e+06
723	6.2161	-3.3886e+06
724	6.1238	-2.0353e+06
725	6.0238	-6.917e+05
726	5.9217	6.0757e+05
727	5.8091	1.863e+06
728	5.6865	3.104e+06
729	5.563	4.3398e+06
730	5.4371	5.5359e+06
731	5.3071	6.6433e+06
732	5.1783	7.6608e+06
733	5.0477	8.6217e+06
734	4.9107	9.5712e+06
735	4.7653	1.053e+07
736	4.6152	1.1462e+07
737	4.4664	1.2307e+07
738	4.3215	1.3002e+07
739	4.1721	1.3516e+07
740	4.0253	1.387e+07
741	3.8929	1.4042e+07
742	3.7681	1.3995e+07
743	3.6443	1.3735e+07
744	3.5285	1.329e+07
745	3.4141	1.2723e+07
746	3.2988	1.206e+07
747	3.2007	1.132e+07
748	3.1194	1.0544e+07
749	3.0426	9.7794e+06
750	2.9809	9.1173e+06
751	2.9334	8.639e+06
752	2.8994	8.3308e+06
753	2.8934	8.0418e+06
754	2.9187	7.6797e+06
755	2.9577	7.2771e+06
756	3.0049	6.9666e+06
757	3.049	6.7803e+06
758	3.0841	6.6624e+06
759	3.1246	6.4522e+06
760	3.1845	6.0236e+06
761	3.2509	5.2898e+06
762	3.3196	4.3164e+06
763	3.3933	3.2242e+06
764	3.4767	2.1364e+06
765	3.5729	9.6579e+05
766	3.6933	-5.6034e+05
767	3.8222	-2.7e+06
768	3.9481	-5.4144e+06
769	4.0746	-8.4494e+06
770	4.1906	-1.149e+07
771	4.2642	-1.4415e+07
772	4.3305	-1.7206e+07
773	4.4041	-1.9969e+07
774	4.4671	-2.2819e+07
775	4.5373	-2.5727e+07
776	4.6597	-2.8417e+07
777	4.797	-3.0602e+07
778	4.9078	-3.227e+07
779	5.0051	-3.3849e+07
780	5.0963	-3.5759e+07
781	5.1441	-3.8138e+07
782	5.1806	-4.0826e+07
783	5.268	-4.3606e+07
784	5.4061	-4.6346e+07
785	5.5515	-4.8837e+07
786	5.7149	-5.0848e+07
787	5.8781	-5.2242e+07
788	5.9998	-5.2916e+07
789	6.0913	-5.303e+07
790	6.1821	-5.2633e+07
791	6.2935	-5.1877e+07
792	6.4196	-5.0883e+07
793	6.5246	-4.9888e+07
794	6.5502	-4.9016e+07
795	6.5517	-4.8443e+07
796	6.5817	-4.8354e+07
797	6.6082	-4.8788e+07
798	6.659	-4.9473e+07
799	6.804	-4.9915e+07
800	7.0017	-4.9891e+07
801	7.1347	-4.9632e+07
802	7.1982	-4.9433e+07
803	7.2136	-4.8958e+07
804	7.1931	-4.7194e+07
805	7.1197	-4.3302e+07
806	7.0513	-3.6921e+07
807	7.0565	-2.9269e+07
808	7.1387	-2.2074e+07
809	7.2469	-1.6435e+07
810	7.3411	-1.1504e+07
811	7.484	-5.5052e+06
812	7.6504	2.4634e+06
813	7.6782	1.1507e+07
814	7.4945	1.9864e+07
815	7.3738	2.5724e+07
816	7.5093	2.8546e+07
817	7.731	2.9437e+07
818	8.1279	3.0099e+07
819	8.6716	3.1437e+07
820	9.0389	3.2907e+07
821	8.9713	3.3086e+07
822	8.6732	3.1267e+07
823	8.2438	2.794e+07
824	7.7959	2.4223e+07
825	7.4404	2.0908e+07
826	7.1855	1.8171e+07
827	7.0125	1.5857e+07
828	6.9034	1.3809e+07
829	6.8429	1.1964e+07
830	6.8191	1.0289e+07
831	6.823	8.7495e+06
832	6.8472	7.3287e+06
833	6.8838	6.0142e+06
834	6.9266	4.7999e+06
835	6.9704	3.6811e+06
836	7.0091	2.6625e+06
837	7.039	1.7445e+06
838	7.0594	9.2298e+05
839	7.0687	1.8799e+05
840	7.0672	-4.7283e+05
841	7.0554	-1.0575e+06
842	7.0307	-1.5587e+06
843	6.9928	-1.9768e+06
844	6.9445	-2.3204e+06
845	6.8841	-2.6044e+06
846	6.8099	-2.8343e+06
847	6.7264	-3.011e+06
848	6.6359	-3.1207e+06
849	6.5358	-3.1502e+06
850	6.4286	-3.0983e+06
851	6.3184	-2.976e+06
852	6.203	-2.7935e+06
853	6.081	-2.548e+06
854	5.9556	-2.2285e+06
855	5.8274	-1.8319e+06
856	5.6975	-1.3776e+06
857	5.57	-8.9679e+05
858	5.4457	-4.1644e+05
859	5.3236	54901
860	5.2052	5.1677e+05
861	5.0922	9.7672e+05
862	4.9845	1.4186e+06
863	4.8783	1.8372e+06
864	4.7726	2.2366e+06
865	4.6692	2.64e+06
866	4.5662	3.043e+06
867	4.4654	3.4296e+06
868	4.3739	3.7708e+06
869	4.2924	4.0538e+06
870	4.219	4.2743e+06
871	4.1533	4.45e+06
872	4.0922	4.6069e+06
873	4.0318	4.7532e+06
874	3.9729	4.8526e+06
875	3.9177	4.8742e+06
876	3.8659	4.8128e+06
877	3.8172	4.6897e+06
878	3.7735	4.5061e+06
879	3.7342	4.2303e+06
880	3.6966	3.8167e+06
881	3.6662	3.2388e+06
882	3.6467	2.5061e+06
883	3.6325	1.6728e+06
884	3.6198	8.1337e+05
885	3.606	-30167
886	3.5891	-8.4404e+05
887	3.5704	-1.6231e+06
888	3.5573	-2.3376e+06
889	3.5509	-2.9384e+06
890	3.5504	-3.3937e+06
891	3.5491	-3.67e+06
892	3.5423	-3.7647e+06
893	3.5329	-3.7234e+06
894	3.5234	-3.6441e+06
895	3.5132	-3.6056e+06
896	3.5027	-3.6387e+06
897	3.4925	-3.7114e+06
898	3.4821	-3.7591e+06
899	3.4699	-3.7202e+06
900	3.4552	-3.5629e+06
901	3.4394	-3.2957e+06
902	3.4255	-2.9474e+06
903	3.4089	-2.5763e+06
904	3.3903	-2.2055e+06
905	3.3674	-1.7861e+06
906	3.3342	-1.2038e+06
907	3.2939	-3.9266e+05
908	3.246	5.7959e+05
909	3.1827	1.6073e+06
910	3.1093	2.5848e+06
911	3.0429	3.4577e+06
912	2.9813	4.2588e+06
913	2.9176	5.0916e+06
914	2.8558	6.0553e+06
915	2.7995	7.1121e+06
916	2.7381	8.1565e+06
917	2.6604	9.102e+06
918	2.5717	9.9133e+06
919	2.4738	1.0563e+07
920	2.3709	1.1038e+07
921	2.2712	1.1261e+07
922	2.1763	1.1177e+07
923	2.0821	1.0728e+07
924	2.0045	9.9453e+06
925	1.9344	8.88e+06
926	1.868	7.5774e+06
927	1.8126	6.0539e+06
928	1.7666	4.39e+06
929	1.7224	2.7514e+06
930	1.6918	1.2736e+06
931	1.661	11202
932	1.6164	-1.1379e+06
933	1.5737	-2.3127e+06
934	1.5375	-3.5396e+06
935	1.4928	-4.7466e+06
936	1.4464	-5.7912e+06
937	1.4285	-6.6443e+06
938	1.4401	-7.3782e+06
939	1.4664	-8.1325e+06
940	1.4946	-9.0429e+06
941	1.5494	-1.0098e+07
942	1.6259	-1.1103e+07
943	1.6673	-1.1841e+07
944	1.6916	-1.2267e+07
945	1.7567	-1.2523e+07
946	1.8441	-1.2735e+07
947	1.9242	-1.2976e+07
948	2.0289	-1.3217e+07
949	2.144	-1.333e+07
950	2.2253	-1.312e+07
951	2.2803	-1.2414e+07
952	2.3581	-1.1155e+07
953	2.4581	-9.3612e+06
954	2.5608	-7.2161e+06
955	2.6479	-4.9476e+06
956	2.7143	-2.6283e+06
957	2.7228	-2.5407e+05
958	2.6952	2.1908e+06
959	2.6709	4.5621e+06
960	2.6555	6.5989e+06
961	2.6233	8.0747e+06
962	2.5881	8.9238e+06
963	2.5541	9.0536e+06
964	2.504	8.4223e+06
965	2.4454	6.9986e+06
966	2.4004	4.9071e+06
967	2.3646	2.4454e+06
968	2.3402	-56914
969	2.3402	-2.3574e+06
970	2.3405	-4.2309e+06
971	2.3268	-5.665e+06
972	2.2902	-6.3557e+06
973	2.2583	-6.5339e+06
974	2.2286	-6.0086e+06
975	2.2605	-4.9066e+06
976	2.3587	-3.3892e+06
977	2.4931	-1.97e+06
978	2.6154	-1.046e+06
979	2.6848	-1.4114e+05
980	2.7413	8.773e+05
981	2.8426	1.3254e+06
982	3.0337	-27646
983	3.2574	-3.7243e+06
984	3.4634	-9.2476e+06
985	3.4352	-1.6025e+07
986	3.2005	-2.3642e+07
987	2.898	-3.1879e+07
988	2.6589	-4.0179e+07
989	2.475	-4.7939e+07
990	2.3146	-5.4889e+07
991	2.2468	-6.0784e+07
992	2.3017	-6.5548e+07
993	2.2118	-6.9219e+07
994	1.8759	-7.1488e+07
995	1.4587	-7.2527e+07
996	1.0153	-7.1777e+07
997	0.43436	-6.8743e+07
998	-0.20062	-6.3394e+07
999	-0.52456	-5.6951e+07
1000	-0.094898	-5.0898e+07
1001	0.73343	-4.4845e+07
1002	1.6045	-3.7909e+07
1003	2.5729	-2.9631e+07
1004	3.4734	-2.0125e+07
1005	3.8631	-9.7737e+06
1006	3.9051	9.5289e+05
1007	3.8921	1.1386e+07
1008	3.8883	2.1145e+07
1009	3.8977	3.0454e+07
1010	3.9196	3.9879e+07
1011	3.9559	4.985e+07
1012	4.0062	6.0455e+07
1013	4.0664	7.1632e+07
1014	4.1345	8.3227e+07
1015	4.2097	9.5053e+07
1016	4.2913	1.0693e+08
1017	4.3767	1.1874e+08
1018	4.4692	1.3033e+08
1019	4.5713	1.416e+08
1020	4.6834	1.5248e+08
1021	4.8051	1.6295e+08
1022	4.937	1.7293e+08
1023	5.0739	1.8228e+08
1024	5.2097	1.9081e+08
1025	5.3429	1.9844e+08
1026	5.4721	2.0518e+08
1027	5.5981	2.1108e+08
1028	5.7242	2.1614e+08
1029	5.8504	2.2035e+08
1030	5.9775	2.2371e+08
1031	6.1076	2.2617e+08
1032	6.2353	2.277e+08
1033	6.3576	2.2833e+08
1034	6.4807	2.2815e+08
1035	6.6033	2.272e+08
1036	6.7205	2.2551e+08
1037	6.8354	2.231e+08
1038	6.9481	2.2004e+08
1039	7.0514	2.1638e+08
1040	7.145	2.1213e+08
1041	7.2376	2.073e+08
1042	7.3319	2.0185e+08
1043	7.4173	1.9578e+08
1044	7.4877	1.8913e+08
1045	7.5512	1.8195e+08
1046	7.6038	1.743e+08
1047	7.6358	1.6628e+08
1048	7.6557	1.5793e+08
1049	7.6793	1.4927e+08
1050	7.7041	1.4031e+08
1051	7.7169	1.3112e+08
1052	7.7196	1.2191e+08
1053	7.7172	1.1283e+08
1054	7.7044	1.0394e+08
1055	7.6766	9.5097e+07
1056	7.6425	8.6152e+07
1057	7.6028	7.7048e+07
1058	7.5519	6.7884e+07
1059	7.4863	5.8834e+07
1060	7.4088	5.0061e+07
1061	7.3239	4.1632e+07
1062	7.2381	3.3499e+07
1063	7.1451	2.5598e+07
1064	7.0393	1.7966e+07
1065	6.9265	1.0755e+07
1066	6.799	4.1712e+06
1067	6.6563	-1.6661e+06
1068	6.5125	-6.8181e+06
1069	6.373	-1.1505e+07
1070	6.2264	-1.5918e+07
1071	6.0748	-2.0122e+07
1072	5.9181	-2.4089e+07
1073	5.7584	-2.7752e+07
1074	5.6076	-3.1057e+07
1075	5.4613	-3.4043e+07
1076	5.3136	-3.6751e+07
1077	5.1729	-3.9239e+07
1078	5.035	-4.1474e+07
1079	4.8878	-4.3404e+07
1080	4.7348	-4.5076e+07
1081	4.584	-4.6543e+07
1082	4.4334	-4.7824e+07
1083	4.2842	-4.8853e+07
1084	4.1378	-4.9563e+07
1085	4.0005	-4.9999e+07
1086	3.8836	-5.0365e+07
1087	3.7782	-5.0826e+07
1088	3.6756	-5.1384e+07
1089	3.5766	-5.1789e+07
1090	3.4798	-5.1799e+07
1091	3.3804	-5.1231e+07
1092	3.281	-5.0307e+07
1093	3.1925	-4.9399e+07
1094	3.1177	-4.8867e+07
1095	3.0523	-4.8801e+07
1096	2.9911	-4.9045e+07
1097	2.9485	-4.9355e+07
1098	2.9228	-4.9641e+07
1099	2.8957	-5.0025e+07
1100	2.8706	-5.0704e+07
1101	2.8585	-5.1777e+07
1102	2.8432	-5.3233e+07
1103	2.8214	-5.4803e+07
1104	2.8111	-5.6061e+07
1105	2.8074	-5.663e+07
1106	2.8155	-5.6389e+07
1107	2.8466	-5.5541e+07
1108	2.8785	-5.4489e+07
1109	2.8972	-5.3584e+07
1110	2.9285	-5.2971e+07
1111	2.9541	-5.242e+07
1112	2.9706	-5.1463e+07
1113	3.0145	-4.9861e+07
1114	3.0938	-4.7686e+07
1115	3.1817	-4.5439e+07
1116	3.2741	-4.3569e+07
1117	3.3751	-4.2183e+07
1118	3.4712	-4.0905e+07
1119	3.5519	-3.9263e+07
1120	3.6317	-3.7181e+07
1121	3.7208	-3.4955e+07
1122	3.8049	-3.3049e+07
1123	3.862	-3.1835e+07
1124	3.9243	-3.1335e+07
1125	4.0173	-3.1403e+07
1126	4.1506	-3.1657e+07
1127	4.325	-3.1914e+07
1128	4.5335	-3.2399e+07
1129	4.7424	-3.3435e+07
1130	4.9205	-3.4854e+07
1131	5.0761	-3.6022e+07
1132	5.2438	-3.6236e+07
1133	5.4522	-3.5363e+07
1134	5.696	-3.3714e+07
1135	5.9676	-3.1765e+07
1136	6.2263	-2.9982e+07
1137	6.4307	-2.8718e+07
1138	6.5832	-2.794e+07
1139	6.7239	-2.7437e+07
1140	6.8882	-2.7264e+07
1141	7.106	-2.7888e+07
1142	7.3739	-2.9797e+07
1143	7.6938	-3.3091e+07
1144	8.0297	-3.7416e+07
1145	8.2936	-4.2174e+07
1146	8.4699	-4.6433e+07
1147	8.6145	-4.9079e+07
1148	8.7247	-4.9543e+07
1149	8.8032	-4.8404e+07
1150	8.9486	-4.6777e+07
1151	9.1603	-4.5126e+07
1152	9.3308	-4.3349e+07
1153	9.4284	-4.0847e+07
1154	9.4906	-3.717e+07
1155	9.5274	-3.2133e+07
1156	9.5705	-2.6105e+07
1157	9.6397	-1.9818e+07
1158	9.7254	-1.3477e+07
1159	9.8409	-6.7709e+06
1160	9.9066	9.461e+05
1161	9.8697	1.004e+07
1162	9.8589	2.0377e+07
1163	9.8901	3.1247e+07
1164	9.8372	4.2067e+07
1165	9.7184	5.2158e+07
1166	9.6299	6.0551e+07
1167	9.519	6.6486e+07
1168	9.4005	7.0681e+07
1169	9.41	7.5014e+07
1170	9.5414	8.0681e+07
1171	9.6503	8.7249e+07
1172	9.7363	9.3054e+07
1173	9.8143	9.6805e+07
1174	9.7733	9.9192e+07
1175	9.5572	1.0299e+08
1176	9.3212	1.1165e+08
1177	9.0844	1.257e+08
1178	8.7761	1.4151e+08
1179	8.5714	1.536e+08
1180	8.6787	1.5859e+08
1181	8.9211	1.5715e+08
1182	9.0764	1.5218e+08
1183	9.1579	1.4576e+08
1184	9.0793	1.3816e+08
1185	8.7204	1.2742e+08
1186	8.197	1.1133e+08
1187	7.6933	8.996e+07
1188	7.2658	6.6338e+07
1189	6.9037	4.4476e+07
1190	6.5942	2.6775e+07
1191	6.3325	1.3334e+07
1192	6.111	3.069e+06
1193	5.9225	-5.0582e+06
1194	5.7635	-1.1641e+07
1195	5.6275	-1.6988e+07
1196	5.5093	-2.1276e+07
1197	5.4094	-2.4631e+07
1198	5.3234	-2.7207e+07
1199	5.2455	-2.9159e+07
1200	5.1746	-3.0636e+07
1201	5.1078	-3.1743e+07
1202	5.0374	-3.2545e+07
1203	4.965	-3.3088e+07
1204	4.8948	-3.3437e+07
1205	4.8266	-3.3686e+07
1206	4.7615	-3.3945e+07
1207	4.7	-3.4289e+07
1208	4.6424	-3.4761e+07
1209	4.5852	-3.5337e+07
1210	4.5282	-3.5993e+07
1211	4.4702	-3.6717e+07
1212	4.4136	-3.75e+07
1213	4.3583	-3.8359e+07
1214	4.304	-3.9304e+07
1215	4.2516	-4.0356e+07
1216	4.2014	-4.1504e+07
1217	4.1549	-4.2718e+07
1218	4.1078	-4.3978e+07
1219	4.0605	-4.5275e+07
1220	4.0143	-4.6586e+07
1221	3.9716	-4.7896e+07
1222	3.9346	-4.9214e+07
1223	3.9039	-5.0529e+07
1224	3.8784	-5.1759e+07
1225	3.857	-5.2817e+07
1226	3.8367	-5.3641e+07
1227	3.8171	-5.4224e+07
1228	3.8038	-5.4563e+07
1229	3.7987	-5.4658e+07
1230	3.7975	-5.4533e+07
1231	3.796	-5.4194e+07
1232	3.7915	-5.3665e+07
1233	3.7883	-5.2988e+07
1234	3.7869	-5.2242e+07
1235	3.7886	-5.1513e+07
1236	3.8048	-5.0797e+07
1237	3.8356	-5.0052e+07
1238	3.8634	-4.925e+07
1239	3.8855	-4.8417e+07
1240	3.9037	-4.7616e+07
1241	3.9132	-4.6895e+07
1242	3.9209	-4.6248e+07
1243	3.9363	-4.5584e+07
1244	3.9581	-4.4799e+07
1245	3.9895	-4.3845e+07
1246	4.0286	-4.2755e+07
1247	4.0625	-4.1659e+07
1248	4.0929	-4.064e+07
1249	4.1262	-3.9721e+07
1250	4.1513	-3.888e+07
1251	4.1685	-3.8109e+07
1252	4.1915	-3.74e+07
1253	4.2166	-3.6735e+07
1254	4.2379	-3.6129e+07
1255	4.2635	-3.5634e+07
1256	4.2905	-3.5239e+07
1257	4.3126	-3.4948e+07
1258	4.3303	-3.4787e+07
1259	4.3426	-3.4794e+07
1260	4.3573	-3.4936e+07
1261	4.3735	-3.5127e+07
1262	4.3788	-3.5361e+07
1263	4.3796	-3.573e+07
1264	4.3876	-3.6401e+07
1265	4.3891	-3.7425e+07
1266	4.3809	-3.8713e+07
1267	4.37	-4.0107e+07
1268	4.3561	-4.1454e+07
1269	4.3304	-4.2736e+07
1270	4.2958	-4.3988e+07
1271	4.2571	-4.5313e+07
1272	4.2209	-4.6788e+07
1273	4.1851	-4.8317e+07
1274	4.146	-4.9786e+07
1275	4.1071	-5.113e+07
1276	4.0714	-5.2447e+07
1277	4.0368	-5.3866e+07
1278	4.001	-5.5435e+07
1279	3.9682	-5.7079e+07
1280	3.9284	-5.8665e+07
1281	3.88	-6.0109e+07
1282	3.83	-6.1409e+07
1283	3.7807	-6.2575e+07
1284	3.7274	-6.3566e+07
1285	3.673	-6.4298e+07
1286	3.6259	-6.4806e+07
1287	3.5771	-6.5162e+07
1288	3.5133	-6.5397e+07
1289	3.4283	-6.5509e+07
1290	3.3344	-6.5469e+07
1291	3.2332	-6.524e+07
1292	3.1242	-6.4849e+07
1293	3.0233	-6.4426e+07
1294	2.9516	-6.4174e+07
1295	2.9008	-6.4186e+07
1296	2.8516	-6.4393e+07
1297	2.8017	-6.4611e+07
1298	2.739	-6.4615e+07
1299	2.6518	-6.4213e+07
1300	2.5439	-6.3405e+07
1301	2.4368	-6.2378e+07
1302	2.3628	-6.1403e+07
1303	2.3295	-6.0527e+07
1304	2.3086	-5.9669e+07
1305	2.2765	-5.8575e+07
1306	2.2223	-5.7041e+07
1307	2.1469	-5.5174e+07
1308	2.0805	-5.3381e+07
1309	2.044	-5.2099e+07
1310	2.0296	-5.1359e+07
1311	2.0258	-5.0793e+07
1312	2.0333	-4.9994e+07
1313	2.031	-4.8697e+07
1314	2.0266	-4.6818e+07
1315	2.0496	-4.4491e+07
1316	2.1092	-4.2059e+07
1317	2.1612	-3.9964e+07
1318	2.2186	-3.8277e+07
1319	2.2744	-3.6681e+07
1320	2.2952	-3.4468e+07
1321	2.2966	-3.1134e+07
1322	2.3187	-2.6618e+07
1323	2.3502	-2.0887e+07
1324	2.3727	-1.3932e+07
1325	2.4075	-5.9263e+06
1326	2.4649	2.7775e+06
1327	2.5358	1.2181e+07
1328	2.6052	2.2368e+07
1329	2.6978	3.3243e+07
1330	2.8125	4.4151e+07
1331	2.9219	5.4846e+07
1332	3.0269	6.5374e+07
1333	3.1139	7.6088e+07
1334	3.1657	8.6531e+07
1335	3.2041	9.6458e+07
1336	3.2614	1.0626e+08
1337	3.3233	1.1648e+08
1338	3.4026	1.2715e+08
1339	3.5237	1.3772e+08
1340	3.6785	1.4756e+08
1341	3.8342	1.5671e+08
1342	3.9538	1.6511e+08
1343	3.9802	1.7231e+08
1344	3.9285	1.7776e+08
1345	3.8856	1.8131e+08
1346	3.8806	1.8352e+08
1347	3.9222	1.8536e+08
1348	4.0483	1.8791e+08
1349	4.2169	1.92e+08
1350	4.3629	1.9746e+08
1351	4.4818	2.0349e+08
1352	4.5951	2.083e+08
1353	4.7102	2.1041e+08
1354	4.8062	2.1048e+08
1355	4.8662	2.1059e+08
1356	4.8996	2.1211e+08
1357	4.9457	2.1401e+08
1358	5.0177	2.1436e+08
1359	5.1902	2.1234e+08
1360	5.474	2.071e+08
1361	5.7454	1.9776e+08
1362	5.8497	1.8457e+08
1363	5.7696	1.7007e+08
1364	5.3954	1.5624e+08
1365	4.8122	1.4241e+08
1366	4.2292	1.274e+08
1367	3.7929	1.1146e+08
1368	3.5104	9.5321e+07
1369	3.4503	7.9852e+07
1370	3.5104	6.6184e+07
1371	3.564	5.5909e+07
1372	3.5917	4.9885e+07
1373	3.6001	4.7413e+07
1374	3.5929	4.6949e+07
1375	3.5751	4.7251e+07
1376	3.549	4.7784e+07
1377	3.514	4.8342e+07
1378	3.4731	4.8776e+07
1379	3.4338	4.9072e+07
1380	3.3963	4.9283e+07
1381	3.3593	4.9504e+07
1382	3.3288	4.9815e+07
1383	3.31	5.0295e+07
1384	3.3043	5.0998e+07
1385	3.3089	5.1911e+07
1386	3.3196	5.3039e+07
1387	3.3369	5.4469e+07
1388	3.3623	5.6298e+07
1389	3.3972	5.8487e+07
1390	3.438	6.0885e+07
1391	3.4897	6.3258e+07
1392	3.5559	6.5359e+07
1393	3.628	6.7077e+07
1394	3.6986	6.842e+07
1395	3.7787	6.9484e+07
1396	3.8727	7.0306e+07
1397	3.9711	7.0876e+07
1398	4.0736	7.122e+07
1399	4.1811	7.1504e+07
1400	4.2884	7.1949e+07
1401	4.3936	7.2698e+07
1402	4.5037	7.3743e+07
1403	4.6214	7.5068e+07
1404	4.7449	7.6591e+07
1405	4.8678	7.8257e+07
1406	4.9856	7.9928e+07
1407	5.1003	8.1427e+07
1408	5.2101	8.2521e+07
1409	5.3176	8.2954e+07
1410	5.43	8.2605e+07
1411	5.5422	8.1458e+07
1412	5.6463	7.9686e+07
1413	5.7448	7.7543e+07
1414	5.834	7.5154e+07
1415	5.9095	7.2537e+07
1416	5.9775	6.9683e+07
1417	6.0396	6.6569e+07
1418	6.0903	6.3285e+07
1419	6.1356	5.9928e+07
1420	6.1817	5.6749e+07
1421	6.2307	5.3875e+07
1422	6.2712	5.1228e+07
1423	6.2957	4.8606e+07
1424	6.3092	4.583e+07
1425	6.3202	4.2879e+07
1426	6.3201	3.9904e+07
1427	6.3081	3.712e+07
1428	6.2921	3.4639e+07
1429	6.2703	3.2286e+07
1430	6.2329	2.9683e+07
1431	6.1894	2.6457e+07
1432	6.144	2.2488e+07
1433	6.0939	1.796e+07
1434	6.0445	1.3196e+07
1435	5.9885	8.415e+06
1436	5.9128	3.4735e+06
1437	5.8303	-1.7362e+06
1438	5.7486	-7.2353e+06
1439	5.6505	-1.2921e+07
1440	5.5396	-1.8433e+07
1441	5.4235	-2.3365e+07
1442	5.2989	-2.7543e+07
1443	5.1706	-3.115e+07
1444	5.0523	-3.4439e+07
1445	4.9431	-3.7527e+07
1446	4.8406	-4.0406e+07
1447	4.7516	-4.3086e+07
1448	4.6644	-4.5592e+07
1449	4.5535	-4.7951e+07
1450	4.4238	-5.0085e+07
1451	4.2996	-5.2025e+07
1452	4.1793	-5.3808e+07
1453	4.0682	-5.554e+07
1454	3.9838	-5.7148e+07
1455	3.9224	-5.8423e+07
1456	3.8582	-5.917e+07
1457	3.7908	-5.9382e+07
1458	3.724	-5.9235e+07
1459	3.6508	-5.8992e+07
1460	3.5676	-5.8594e+07
1461	3.5124	-5.7732e+07
1462	3.4936	-5.6188e+07
1463	3.4727	-5.4046e+07
1464	3.4349	-5.1481e+07
1465	3.412	-4.8625e+07
1466	3.3812	-4.5443e+07
1467	3.3298	-4.1967e+07
1468	3.3024	-3.8035e+07
1469	3.3319	-3.3599e+07
1470	3.3682	-2.8938e+07
1471	3.3865	-2.4495e+07
1472	3.3994	-2.0189e+07
1473	3.3989	-1.5354e+07
1474	3.3872	-9.7613e+06
1475	3.4072	-4.0817e+06
1476	3.4705	1.1045e+06
1477	3.5519	5.9172e+06
1478	3.6533	1.1297e+07
1479	3.7575	1.803e+07
1480	3.8326	2.6328e+07
1481	3.8772	3.5511e+07
1482	3.9048	4.4125e+07
1483	3.9261	5.0617e+07
1484	3.9676	5.4447e+07
1485	4.0387	5.6284e+07
1486	4.1526	5.7496e+07
1487	4.3077	5.8814e+07
1488	4.455	6.0725e+07
1489	4.5702	6.3257e+07
1490	4.6404	6.6699e+07
1491	4.6718	7.126e+07
1492	4.6828	7.7341e+07
1493	4.7078	8.5641e+07
1494	4.7751	9.6383e+07
1495	4.8968	1.0876e+08
1496	5.0351	1.21e+08
1497	5.1497	1.3127e+08
1498	5.2527	1.383e+08
1499	5.3148	1.4145e+08
1500	5.2985	1.4128e+08
1501	5.2477	1.3825e+08
1502	5.2441	1.3279e+08
1503	5.2841	1.2509e+08
1504	5.3477	1.1478e+08
1505	5.4513	1.0229e+08
1506	5.5884	8.9192e+07
1507	5.6917	7.7205e+07
1508	5.761	6.7127e+07
1509	5.8568	5.8558e+07
1510	5.9886	5.0576e+07
1511	6.1147	4.2251e+07
1512	6.1885	3.3509e+07
1513	6.2191	2.525e+07
1514	6.166	1.8074e+07
1515	6.0567	1.1944e+07
1516	6.0487	5.4635e+06
1517	6.1597	-2.5396e+06
1518	6.2806	-1.2135e+07
1519	6.4683	-2.2547e+07
1520	6.7884	-3.2037e+07
1521	7.0514	-3.8913e+07
1522	7.245	-4.2263e+07
1523	7.4405	-4.3045e+07
1524	7.5934	-4.2727e+07
1525	7.6759	-4.3179e+07
1526	7.6944	-4.4483e+07
1527	7.6628	-4.6046e+07
1528	7.5631	-4.7071e+07
1529	7.4715	-4.8201e+07
1530	7.3865	-5.0596e+07
1531	7.3925	-5.5129e+07
1532	7.5249	-6.2721e+07
1533	7.7393	-7.375e+07
1534	7.97	-8.7066e+07
1535	8.2305	-9.9434e+07
1536	8.4888	-1.0754e+08
1537	8.7275	-1.0987e+08
1538	8.9733	-1.0829e+08
1539	9.2129	-1.068e+08
1540	9.3986	-1.0935e+08
1541	9.4694	-1.1713e+08
1542	9.365	-1.2606e+08
1543	8.9876	-1.3011e+08
1544	8.278	-1.2658e+08
1545	7.4185	-1.165e+08
1546	6.6137	-1.042e+08
1547	5.9719	-9.1999e+07
1548	5.6444	-8.0687e+07
1549	5.6876	-6.7205e+07
1550	5.8775	-4.7916e+07
1551	6.075	-2.2329e+07
1552	6.2447	5.6721e+06
1553	6.3675	3.0838e+07
1554	6.4424	5.0153e+07
1555	6.4739	6.3856e+07
1556	6.4736	7.3385e+07
1557	6.4442	8.0025e+07
1558	6.3866	8.4477e+07
1559	6.3097	8.7349e+07
1560	6.2216	8.8981e+07
1561	6.1191	8.9531e+07
1562	6.0025	8.9011e+07
1563	5.8765	8.7482e+07
1564	5.7427	8.5119e+07
1565	5.6037	8.225e+07
1566	5.4643	7.9156e+07
1567	5.3254	7.6048e+07
1568	5.1862	7.282e+07
1569	5.0503	6.9367e+07
1570	4.9142	6.5739e+07
1571	4.7724	6.2264e+07
1572	4.6318	5.931e+07
1573	4.5026	5.7163e+07
1574	4.3837	5.5765e+07
1575	4.2719	5.4687e+07
1576	4.166	5.3536e+07
1577	4.0652	5.2092e+07
1578	3.9684	5.0488e+07
1579	3.8773	4.8773e+07
1580	3.7911	4.7041e+07
1581	3.7121	4.5373e+07
1582	3.6398	4.3798e+07
1583	3.573	4.2285e+07
1584	3.5095	4.0607e+07
1585	3.4515	3.8528e+07
1586	3.4039	3.6131e+07
1587	3.3677	3.3984e+07
1588	3.3373	3.278e+07
1589	3.3114	3.2807e+07
1590	3.2894	3.3918e+07
1591	3.2686	3.554e+07
1592	3.2477	3.6987e+07
1593	3.2272	3.8022e+07
1594	3.2057	3.8782e+07
1595	3.1847	3.9648e+07
1596	3.1707	4.0537e+07
1597	3.1654	4.09e+07
1598	3.1682	4.0192e+07
1599	3.1745	3.8301e+07
1600	3.1794	3.5815e+07
1601	3.1824	3.3472e+07
1602	3.1854	3.1782e+07
1603	3.1838	3.0665e+07
1604	3.1808	2.9687e+07
1605	3.1861	2.8549e+07
1606	3.1997	2.7128e+07
1607	3.2096	2.5633e+07
1608	3.2162	2.4359e+07
1609	3.2299	2.3604e+07
1610	3.2471	2.3322e+07
1611	3.2562	2.3194e+07
1612	3.2643	2.268e+07
1613	3.2765	2.1598e+07
1614	3.2842	2.0118e+07
1615	3.2896	1.8934e+07
1616	3.2968	1.8392e+07
1617	3.3044	1.8533e+07
1618	3.3091	1.8952e+07
1619	3.3071	1.918e+07
1620	3.3	1.889e+07
1621	3.2921	1.8205e+07
1622	3.2835	1.7656e+07
1623	3.279	1.7947e+07
1624	3.282	1.9506e+07
1625	3.2847	2.2355e+07
1626	3.2836	2.5983e+07
1627	3.276	2.9993e+07
1628	3.2638	3.4112e+07
1629	3.2486	3.8474e+07
1630	3.2374	4.332e+07
1631	3.2346	4.8983e+07
1632	3.2303	5.5434e+07
1633	3.2213	6.2301e+07
1634	3.2139	6.8743e+07
1635	3.2023	7.3817e+07
1636	3.1777	7.7287e+07
1637	3.1559	7.9615e+07
1638	3.1447	8.1683e+07
1639	3.1333	8.4198e+07
1640	3.1238	8.7053e+07
1641	3.114	8.9699e+07
1642	3.0992	9.1312e+07
1643	3.0854	9.1809e+07
1644	3.0826	9.2079e+07
1645	3.0716	9.299e+07
1646	3.055	9.4935e+07
1647	3.0479	9.7652e+07
1648	3.0355	1.005e+08
1649	3.0083	1.0296e+08
1650	2.9904	1.0493e+08
1651	2.9821	1.0712e+08
1652	2.9639	1.1027e+08
1653	2.9469	1.148e+08
1654	2.9465	1.2021e+08
1655	2.9499	1.2603e+08
1656	2.9506	1.3188e+08
1657	2.9578	1.3792e+08
1658	2.9691	1.4373e+08
1659	2.9657	1.4893e+08
1660	2.9387	1.5269e+08
1661	2.9111	1.5477e+08
1662	2.8931	1.5546e+08
1663	2.8804	1.5479e+08
1664	2.8758	1.5275e+08
1665	2.88	1.4879e+08
1666	2.8741	1.4295e+08
1667	2.8575	1.3609e+08
1668	2.8349	1.2962e+08
1669	2.8063	1.246e+08
1670	2.7871	1.2114e+08
1671	2.7881	1.1836e+08
1672	2.7979	1.1511e+08
1673	2.7989	1.1092e+08
1674	2.7969	1.0623e+08
1675	2.8017	1.0167e+08
1676	2.7997	9.6523e+07
1677	2.7843	8.9138e+07
1678	2.7685	7.7656e+07
1679	2.7502	6.2599e+07
1680	2.719	4.6427e+07
1681	2.6897	3.2048e+07
1682	2.6577	2.0786e+07
1683	2.6032	1.1309e+07
1684	2.5285	1.5834e+06
1685	2.4454	-9.4358e+06
1686	2.362	-2.0457e+07
1687	2.2907	-2.8849e+07
1688	2.2453	-3.24e+07
1689	2.2118	-3.214e+07
1690	2.1711	-3.1407e+07
1691	2.1408	-3.3725e+07
1692	2.123	-4.0325e+07
1693	2.103	-5.0248e+07
1694	2.078	-6.1653e+07
1695	2.0504	-7.2906e+07
1696	1.9898	-8.3652e+07
1697	1.8891	-9.436e+07
1698	1.7878	-1.0578e+08
1699	1.7136	-1.1808e+08
1700	1.6605	-1.3006e+08
1701	1.6015	-1.4028e+08
1702	1.5526	-1.4777e+08
1703	1.5222	-1.5296e+08
1704	1.4936	-1.5717e+08
1705	1.4651	-1.6217e+08
1706	1.465	-1.6984e+08
1707	1.4757	-1.8153e+08
1708	1.4389	-1.9757e+08
1709	1.3749	-2.1627e+08
1710	1.3267	-2.3706e+08
1711	1.2884	-2.5993e+08
1712	1.2413	-2.8409e+08
1713	1.2275	-3.0664e+08
1714	1.2266	-3.2471e+08
1715	1.1696	-3.3603e+08
1716	1.0682	-3.3969e+08
1717	0.95165	-3.3682e+08
1718	0.79844	-3.2961e+08
1719	0.64136	-3.2038e+08
1720	0.53642	-3.0862e+08
1721	0.49428	-2.9068e+08
1722	0.51755	-2.6485e+08
1723	0.60759	-2.3143e+08
1724	0.72708	-1.9205e+08
1725	0.78573	-1.4809e+08
1726	0.67307	-1.0047e+08
1727	0.41698	-5.139e+07
1728	0.082335	-2.9963e+06
1729	-0.253	4.2724e+07
1730	-0.48377	8.4348e+07
1731	-0.51941	1.1815e+08
1732	-0.41142	1.42e+08
1733	-0.21923	1.5529e+08
1734	-0.017566	1.5849e+08
1735	0.14643	1.5238e+08
1736	0.27642	1.3871e+08
1737	0.38043	1.2094e+08
1738	0.45493	1.0313e+08
1739	0.50078	8.8087e+07
1740	0.52481	7.6898e+07
1741	0.52751	6.9472e+07
1742	0.51486	6.5382e+07
1743	0.49991	6.3951e+07
1744	0.4853	6.4689e+07
1745	0.46713	6.7264e+07
1746	0.44673	7.1543e+07
1747	0.42652	7.7276e+07
1748	0.40262	8.4152e+07
1749	0.37607	9.2011e+07
1750	0.35829	1.0071e+08
1751	0.35232	1.1005e+08
1752	0.35125	1.1982e+08
1753	0.35213	1.2986e+08
1754	0.35844	1.3998e+08
1755	0.36674	1.4984e+08
1756	0.37625	1.5915e+08
1757	0.39643	1.6791e+08
1758	0.43541	1.7615e+08
1759	0.49213	1.8386e+08
1760	0.55914	1.908e+08
1761	0.63415	1.9688e+08
1762	0.70319	2.0209e+08
1763	0.76345	2.0646e+08
1764	0.83313	2.1013e+08
1765	0.92184	2.1332e+08
1766	1.0276	2.1627e+08
1767	1.148	2.1894e+08
1768	1.2644	2.2124e+08
1769	1.365	2.2313e+08
1770	1.4521	2.2464e+08
1771	1.5415	2.2562e+08
1772	1.6526	2.2585e+08
1773	1.7827	2.2523e+08
1774	1.9152	2.2374e+08
1775	2.0541	2.2137e+08
1776	2.1875	2.1826e+08
1777	2.2969	2.1444e+08
1778	2.4014	2.0983e+08
1779	2.5166	2.0418e+08
1780	2.634	1.9751e+08
1781	2.7554	1.9021e+08
1782	2.8734	1.8286e+08
1783	2.9862	1.7578e+08
1784	3.1015	1.6903e+08
1785	3.2314	1.624e+08
1786	3.3646	1.5568e+08
1787	3.5056	1.4882e+08
1788	3.6524	1.421e+08
1789	3.7962	1.3583e+08
1790	3.9207	1.2985e+08
1791	4.0291	1.2371e+08
1792	4.1266	1.1678e+08
1793	4.2218	1.0881e+08
1794	4.3106	9.9993e+07
1795	4.4046	9.0885e+07
1796	4.51	8.2113e+07
1797	4.6233	7.4046e+07
1798	4.725	6.6932e+07
1799	4.8255	6.0683e+07
1800	4.9373	5.527e+07
1801	5.0457	5.0765e+07
1802	5.1419	4.7297e+07
1803	5.2235	4.4892e+07
1804	5.2909	4.332e+07
1805	5.3267	4.2275e+07
1806	5.3414	4.1356e+07
1807	5.3614	4.0193e+07
1808	5.4104	3.8611e+07
1809	5.4717	3.6753e+07
1810	5.5384	3.4869e+07
1811	5.6109	3.3335e+07
1812	5.6822	3.2493e+07
1813	5.7446	3.2644e+07
1814	5.7864	3.3624e+07
1815	5.8004	3.5211e+07
1816	5.8063	3.7301e+07
1817	5.8225	4.0131e+07
1818	5.8482	4.3963e+07
1819	5.8705	4.8774e+07
1820	5.8859	5.4513e+07
1821	5.8621	6.0827e+07
1822	5.7951	6.7146e+07
1823	5.7069	7.304e+07
1824	5.6399	7.8736e+07
1825	5.6251	8.4979e+07
1826	5.6637	9.2073e+07
1827	5.7084	9.9749e+07
1828	5.7113	1.0727e+08
1829	5.6783	1.1394e+08
1830	5.6297	1.1929e+08
1831	5.5847	1.2325e+08
1832	5.5415	1.2667e+08
1833	5.4871	1.3036e+08
1834	5.4283	1.3465e+08
1835	5.3685	1.3884e+08
1836	5.3122	1.4223e+08
1837	5.268	1.4449e+08
1838	5.2484	1.4578e+08
1839	5.23	1.4651e+08
1840	5.1826	1.4738e+08
1841	5.0801	1.4887e+08
1842	4.9579	1.5068e+08
1843	4.8593	1.5202e+08
1844	4.7817	1.5181e+08
1845	4.7186	1.4978e+08
1846	4.686	1.4639e+08
1847	4.673	1.4261e+08
1848	4.6595	1.3912e+08
1849	4.6439	1.3582e+08
1850	4.5988	1.3195e+08
1851	4.535	1.2692e+08
1852	4.4732	1.2091e+08
1853	4.3834	1.1493e+08
1854	4.2686	1.0973e+08
1855	4.2121	1.0496e+08
1856	4.1866	9.9793e+07
1857	4.1474	9.3397e+07
1858	4.1162	8.5507e+07
1859	4.1184	7.6802e+07
1860	4.142	6.8719e+07
1861	4.1735	6.1962e+07
1862	4.182	5.5968e+07
1863	4.1643	4.9585e+07
1864	4.1548	4.2682e+07
1865	4.0781	3.6485e+07
1866	3.9559	3.1902e+07
1867	3.8745	2.9372e+07
1868	3.8541	2.8372e+07
1869	3.8119	2.7669e+07
1870	3.7628	2.5988e+07
1871	3.7473	2.2554e+07
1872	3.7002	1.7882e+07
1873	3.5819	1.2862e+07
1874	3.4901	7.5451e+06
1875	3.4918	1.8551e+06
1876	3.5149	-4.9004e+06
1877	3.5085	-1.3101e+07
1878	3.5237	-2.2578e+07
1879	3.5154	-3.2273e+07
1880	3.4618	-4.094e+07
1881	3.4212	-4.8128e+07
1882	3.4306	-5.3529e+07
1883	3.4878	-5.6885e+07
1884	3.5814	-5.8224e+07
1885	3.6262	-5.8188e+07
1886	3.6506	-5.7608e+07
1887	3.7858	-5.713e+07
1888	3.9638	-5.7068e+07
1889	4.0857	-5.7496e+07
1890	4.1787	-5.8234e+07
1891	4.203	-5.9489e+07
1892	4.0992	-6.217e+07
1893	4.0203	-6.7792e+07
1894	4.011	-7.7155e+07
1895	4.0623	-8.9277e+07
1896	4.1968	-1.0207e+08
1897	4.3548	-1.1435e+08
1898	4.4256	-1.2631e+08
1899	4.474	-1.3878e+08
1900	4.5648	-1.5164e+08
1901	4.7094	-1.6355e+08
1902	4.883	-1.7343e+08
1903	5.0852	-1.8085e+08
1904	5.3585	-1.8516e+08
1905	5.6516	-1.8596e+08
1906	5.8661	-1.8264e+08
1907	6.0931	-1.7486e+08
1908	6.3543	-1.6262e+08
1909	6.521	-1.4668e+08
1910	6.4806	-1.2857e+08
1911	6.3519	-1.1057e+08
1912	6.1952	-9.3538e+07
1913	6.03	-7.7375e+07
1914	5.8944	-6.1957e+07
1915	5.925	-4.8265e+07
1916	6.0658	-3.7662e+07
1917	6.1993	-3.0578e+07
1918	6.3087	-2.6293e+07
1919	6.4096	-2.3615e+07
1920	6.4947	-2.1672e+07
1921	6.5596	-2.0069e+07
1922	6.6172	-1.8593e+07
1923	6.6698	-1.7078e+07
1924	6.7102	-1.5389e+07
1925	6.7432	-1.3548e+07
1926	6.7758	-1.1666e+07
1927	6.8057	-9.927e+06
1928	6.834	-8.4867e+06
1929	6.8667	-7.3152e+06
1930	6.9049	-6.1242e+06
1931	6.9392	-4.4884e+06
1932	6.9762	-2.2295e+06
1933	7.0178	5.1409e+05
1934	7.0528	3.4595e+06
1935	7.0807	6.5505e+06
1936	7.1078	9.9093e+06
1937	7.1373	1.382e+07
1938	7.1481	1.8445e+07
1939	7.1402	2.3852e+07
1940	7.1177	2.9866e+07
1941	7.0869	3.6174e+07
1942	7.0519	4.258e+07
1943	7.0208	4.9162e+07
1944	6.9861	5.6078e+07
1945	6.9433	6.3361e+07
1946	6.8996	7.075e+07
1947	6.8421	7.7955e+07
1948	6.7701	8.4639e+07
1949	6.6947	9.0726e+07
1950	6.6239	9.6178e+07
1951	6.5528	1.0108e+08
1952	6.4784	1.0552e+08
1953	6.3988	1.096e+08
1954	6.3105	1.1334e+08
1955	6.2078	1.1683e+08
1956	6.0954	1.2011e+08
1957	5.9768	1.2317e+08
1958	5.857	1.2577e+08
1959	5.749	1.277e+08
1960	5.6504	1.2883e+08
1961	5.5492	1.2924e+08
1962	5.4409	1.2893e+08
1963	5.3326	1.2787e+08
1964	5.2261	1.2598e+08
1965	5.1243	1.2333e+08
1966	5.0304	1.1998e+08
1967	4.9457	1.1619e+08
1968	4.8653	1.1224e+08
1969	4.7802	1.0843e+08
1970	4.6868	1.0497e+08
1971	4.5826	1.0184e+08
1972	4.472	9.8806e+07
1973	4.3536	9.5745e+07
1974	4.2389	9.2427e+07
1975	4.1414	8.8772e+07
1976	4.0442	8.4632e+07
1977	3.9324	8.0053e+07
1978	3.8286	7.5161e+07
1979	3.7284	7.0098e+07
1980	3.6186	6.4907e+07
1981	3.5149	5.9607e+07
1982	3.4255	5.4211e+07
1983	3.343	4.8681e+07
1984	3.2656	4.2985e+07
1985	3.173	3.7473e+07
1986	3.0682	3.2425e+07
1987	2.9741	2.7929e+07
1988	2.8767	2.4022e+07
1989	2.7707	2.0642e+07
1990	2.6897	1.7875e+07
1991	2.6355	1.5627e+07
1992	2.5784	1.3856e+07
1993	2.5169	1.265e+07
1994	2.4554	1.2036e+07
1995	2.382	1.1888e+07
1996	2.2951	1.2036e+07
1997	2.2213	1.2542e+07
1998	2.1647	1.3426e+07
1999	2.1159	1.4571e+07
2000	2.0833	1.574e+07
2001	2.0615	1.7001e+07
2002	2.0232	1.8726e+07
2003	1.9717	2.111e+07
2004	1.9278	2.4148e+07
2005	1.8804	2.7632e+07
2006	1.828	3.1402e+07
2007	1.7791	3.5417e+07
2008	1.7475	3.9657e+07
2009	1.7429	4.4246e+07
2010	1.7437	4.9091e+07
2011	1.735	5.3631e+07
2012	1.7262	5.7366e+07
2013	1.7262	6.0129e+07
2014	1.711	6.2217e+07
2015	1.6953	6.398e+07
2016	1.6865	6.5564e+07
2017	1.6858	6.6864e+07
2018	1.6865	6.7589e+07
2019	1.6815	6.7491e+07
2020	1.6761	6.6929e+07
2021	1.687	6.6639e+07
2022	1.707	6.7213e+07
2023	1.7159	6.8543e+07
2024	1.7019	7.0001e+07
2025	1.6938	7.1048e+07
2026	1.7054	7.1711e+07
2027	1.7398	7.2251e+07
2028	1.793	7.2914e+07
2029	1.8619	7.3849e+07
2030	1.9017	7.4815e+07
2031	1.9111	7.5422e+07
2032	1.9115	7.5205e+07
2033	1.9066	7.4387e+07
2034	1.9085	7.3287e+07
2035	1.9429	7.2239e+07
2036	1.9951	7.113e+07
2037	2.0481	6.9734e+07
2038	2.0923	6.7874e+07
2039	2.1279	6.602e+07
2040	2.1659	6.4423e+07
2041	2.2109	6.3351e+07
2042	2.2662	6.2872e+07
2043	2.3231	6.3059e+07
2044	2.3499	6.3864e+07
2045	2.3706	6.5236e+07
2046	2.3871	6.7099e+07
2047	2.3699	6.9456e+07
2048	2.3208	7.2153e+07
2049	2.2884	7.5445e+07
2050	2.237	7.9749e+07
2051	2.1665	8.5097e+07
2052	2.1255	9.0804e+07
2053	2.106	9.5853e+07
2054	2.0736	9.9933e+07
2055	2.0348	1.0388e+08
2056	1.9713	1.0882e+08
2057	1.858	1.1524e+08
2058	1.7236	1.2289e+08
2059	1.5977	1.3073e+08
2060	1.4977	1.3735e+08
2061	1.4229	1.4255e+08
2062	1.3576	1.4745e+08
2063	1.3033	1.5389e+08
2064	1.2688	1.6271e+08
2065	1.2295	1.7297e+08
2066	1.1594	1.8331e+08
2067	1.0426	1.9246e+08
2068	0.9296	2.002e+08
2069	0.83728	2.0735e+08
2070	0.73466	2.1494e+08
2071	0.65739	2.2386e+08
2072	0.64575	2.3369e+08
2073	0.63564	2.4313e+08
2074	0.61659	2.5092e+08
2075	0.59922	2.566e+08
2076	0.57394	2.608e+08
2077	0.53288	2.6487e+08
2078	0.45561	2.702e+08
2079	0.35271	2.7649e+08
2080	0.29855	2.8231e+08
2081	0.27669	2.8639e+08
2082	0.27088	2.8911e+08
2083	0.35458	2.9241e+08
2084	0.50203	2.9825e+08
2085	0.6165	3.0768e+08
2086	0.71103	3.1955e+08
2087	0.85474	3.3162e+08
2088	1.0104	3.4057e+08
2089	1.0608	3.4356e+08
2090	1.0053	3.3999e+08
2091	0.94684	3.3164e+08
2092	0.87604	3.2034e+08
2093	0.77876	3.0658e+08
2094	0.78335	2.8941e+08
2095	0.90726	2.6929e+08
2096	1.0119	2.4661e+08
2097	1.0576	2.2249e+08
2098	1.0797	1.9936e+08
2099	1.0947	1.8033e+08
2100	1.0997	1.6702e+08
2101	1.096	1.5875e+08
2102	1.1029	1.5336e+08
2103	1.0969	1.493e+08
2104	1.0478	1.4578e+08
2105	0.98538	1.4268e+08
2106	0.91861	1.4002e+08
2107	0.88852	1.3795e+08
2108	0.90486	1.3677e+08
2109	0.95094	1.363e+08
2110	1.0142	1.3588e+08
2111	1.0681	1.3495e+08
2112	1.0495	1.3337e+08
2113	0.9585	1.3151e+08
2114	0.80399	1.2963e+08
2115	0.62136	1.2767e+08
2116	0.50823	1.2474e+08
2117	0.43943	1.202e+08
2118	0.39141	1.138e+08
2119	0.35964	1.0622e+08
2120	0.31466	9.859e+07
2121	0.23565	9.123e+07
2122	0.17903	8.3589e+07
2123	0.22915	7.4772e+07
2124	0.33213	6.4963e+07
2125	0.39374	5.5575e+07
2126	0.45873	4.8421e+07
2127	0.57796	4.4465e+07
2128	0.64234	4.3433e+07
2129	0.69303	4.4095e+07
2130	0.7802	4.4698e+07
2131	0.90791	4.3863e+07
2132	1.0468	4.1469e+07
2133	1.1905	3.7629e+07
2134	1.2592	3.3015e+07
2135	1.2817	2.7586e+07
2136	1.2869	2.0943e+07
2137	1.2948	1.2403e+07
2138	1.2996	1.4671e+06
2139	1.3963	-1.0984e+07
2140	1.7171	-2.3476e+07
2141	2.1136	-3.3981e+07
2142	2.4133	-4.1852e+07
2143	2.6049	-4.7972e+07
2144	2.7254	-5.3748e+07
2145	2.7601	-6.0078e+07
2146	2.8421	-6.7199e+07
2147	2.9695	-7.3776e+07
2148	3.0999	-7.8287e+07
2149	3.2764	-7.9239e+07
2150	3.3272	-7.7269e+07
2151	3.1279	-7.3642e+07
2152	2.9189	-6.8654e+07
2153	2.8659	-6.2178e+07
2154	2.7446	-5.5006e+07
2155	2.5992	-4.8988e+07
2156	2.5053	-4.4292e+07
2157	2.4011	-4.008e+07
2158	2.2058	-3.4733e+07
2159	2.064	-2.7575e+07
2160	2.0386	-1.8252e+07
2161	2.0214	-8.3479e+06
2162	1.9183	5.902e+05
2163	1.8186	8.0643e+06
2164	1.8043	1.5344e+07
2165	1.7889	2.2348e+07
2166	1.7643	2.6959e+07
2167	1.769	2.6385e+07
2168	1.7468	2.0354e+07
2169	1.6194	9.7775e+06
2170	1.5232	-3.3334e+06
2171	1.4673	-1.6513e+07
2172	1.434	-2.938e+07
2173	1.4397	-4.0982e+07
2174	1.5369	-5.2021e+07
2175	1.5499	-6.1661e+07
2176	1.6177	-6.9601e+07
2177	1.6631	-7.662e+07
2178	1.703	-8.418e+07
2179	1.8126	-9.3664e+07
2180	2.0843	-1.0396e+08
2181	2.3135	-1.1485e+08
2182	2.4421	-1.2633e+08
2183	2.4205	-1.3867e+08
2184	2.3117	-1.5093e+08
2185	2.1996	-1.5971e+08
2186	2.0245	-1.6159e+08
2187	1.865	-1.5446e+08
2188	1.8952	-1.3986e+08
2189	1.9347	-1.2128e+08
2190	1.6491	-1.0279e+08
2191	1.2709	-8.614e+07
