0	0	0.077391
1	0	0.077391
2	0	0.078274
3	0	0.080187
4	0	0.083155
5	0	0.087194
6	0	0.092306
7	0	0.098487
8	0	0.10572
9	0	0.11399
10	0	0.12326
11	0	0.1335
12	0	0.14467
13	0	0.15672
14	0	0.16962
15	0	0.18331
16	0	0.19774
17	0	0.21285
18	0	0.22859
19	0	0.2449
20	0	0.26173
21	0	0.25513
22	0	0.25433
23	0	0.25855
24	0	0.26705
25	0	0.27917
26	0	0.29431
27	0	0.31192
28	0	0.33089
29	0	0.34991
30	0	0.36892
31	0	0.38787
32	0	0.40673
33	0	0.42546
34	0	0.44402
35	0	0.46237
36	0	0.48049
37	0	0.49834
38	0	0.51589
39	0	0.53313
40	0	0.55002
41	0	0.56654
42	0	0.58181
43	0	0.59564
44	0	0.608
45	0	0.61888
46	0	0.62824
47	0	0.63609
48	0	0.64245
49	0	0.64732
50	0	0.65074
51	0	0.65273
52	0	0.65335
53	5.6087e+08	0.65263
54	0	0.65063
55	0	0.6474
56	0	0.643
57	0	0.6375
58	0	0.63097
59	0	0.62346
60	0	0.61505
61	0	0.60581
62	0	0.59581
63	0	0.58512
64	0	0.57381
65	0	0.56196
66	0	0.54962
67	0	0.53687
68	0	0.52379
69	0	0.51042
70	0	0.49685
71	0	0.48312
72	0	0.46931
73	0	0.45547
74	0	0.44165
75	0	0.42792
76	0	0.41432
77	0	0.4009
78	0	0.38771
79	0	0.3748
80	0	0.3622
81	0	0.34996
82	0	0.3381
83	0	0.32667
84	0	0.3157
85	0	0.30521
86	0	0.29523
87	0	0.28578
88	0	0.27689
89	0	0.26857
90	0	0.26084
91	0	0.25371
92	0	0.2472
93	0	0.24132
94	0	0.23606
95	0	0.23144
96	0	0.22746
97	0	0.22412
98	0	0.22142
99	0	0.21935
100	0	0.21792
101	0	0.21712
102	0	0.21693
103	0	0.21735
104	0	0.21838
105	0	0.21999
106	0	0.22217
107	0	0.22492
108	0	0.22821
109	0	0.23203
110	0	0.23636
111	0	0.24118
112	0	0.24649
113	0	0.25224
114	0	0.25843
115	0	0.26504
116	0	0.27204
117	0	0.27941
118	0	0.28713
119	0	0.29517
120	0	0.30353
121	0	0.31216
122	0	0.32105
123	0	0.33018
124	0	0.33952
125	0	0.34906
126	0	0.35876
127	0	0.3686
128	0	0.37857
129	0	0.38864
130	0	0.39878
131	0	0.40899
132	0	0.41922
133	0	0.42947
134	0	0.43972
135	0	0.44993
136	0	0.4601
137	0	0.4702
138	0	0.48022
139	0	0.49014
140	0	0.49993
141	0	0.50959
142	0	0.51909
143	0	0.52842
144	0	0.53757
145	2.2803e+08	0.54652
146	0	0.55525
147	0	0.56376
148	0	0.57203
149	0	0.58004
150	0	0.58779
151	0	0.59527
152	0	0.60246
153	0	0.60936
154	0	0.61596
155	0	0.62225
156	0	0.62822
157	0	0.63387
158	0	0.63919
159	0	0.64418
160	0	0.64882
161	0	0.65312
162	0	0.65708
163	0	0.66069
164	0	0.66394
165	0	0.66684
166	0	0.66939
167	0	0.67158
168	0	0.67342
169	0	0.67491
170	0	0.67604
171	0	0.67683
172	0	0.67726
173	0	0.67736
174	0	0.6771
175	0	0.67652
176	0	0.67559
177	0	0.67434
178	0	0.67277
179	0	0.67087
180	0	0.66867
181	0	0.66615
182	0	0.66334
183	0	0.66023
184	0	0.65684
185	0	0.65317
186	0	0.64922
187	0	0.64502
188	0	0.64056
189	0	0.63585
190	0	0.6309
191	5.9115e+07	0.62573
192	0	0.62033
193	0	0.61472
194	0	0.60891
195	0	0.60291
196	0	0.59673
197	0	0.59037
198	0	0.58385
199	0	0.57718
200	0	0.57036
201	0	0.5634
202	0	0.55633
203	0	0.54913
204	0	0.54183
205	0	0.53444
206	0	0.52696
207	0	0.51941
208	0	0.51179
209	0	0.50411
210	0	0.49639
211	0	0.48863
212	0	0.48084
213	0	0.47303
214	0	0.46522
215	0	0.4574
216	0	0.44959
217	0	0.4418
218	0	0.43403
219	0	0.42629
220	0	0.4186
221	0	0.41096
222	0	0.40337
223	0	0.39585
224	0	0.38841
225	0	0.38104
226	0	0.37376
227	0	0.36658
228	0	0.35949
229	0	0.35252
230	0	0.34565
231	0	0.33891
232	0	0.33229
233	0	0.3258
234	0	0.31945
235	0	0.31324
236	0	0.30718
237	0	0.30127
238	0	0.29551
239	0	0.28991
240	0	0.28448
241	0	0.27921
242	0	0.27412
243	0	0.2692
244	0	0.26446
245	0	0.25989
246	0	0.25551
247	0	0.25132
248	0	0.24731
249	0	0.24349
250	0	0.23987
251	0	0.23643
252	0	0.2332
253	0	0.23015
254	0	0.22731
255	0	0.22465
256	0	0.2222
257	0	0.21995
258	0	0.21789
259	0	0.21603
260	0	0.21437
261	0	0.21291
262	0	0.21165
263	0	0.21058
264	0	0.2097
265	0	0.20903
266	0	0.20854
267	0	0.20825
268	0	0.20815
269	0	0.20823
270	0	0.20851
271	0	0.20897
272	0	0.20961
273	0	0.21044
274	0	0.21144
275	0	0.21263
276	0	0.21398
277	0	0.21551
278	0	0.21721
279	0	0.21908
280	0	0.22111
281	0	0.2233
282	0	0.22565
283	0	0.22816
284	0	0.23082
285	0	0.23363
286	0	0.23659
287	0	0.23969
288	0	0.24293
289	0	0.2463
290	0	0.24981
291	0	0.25345
292	0	0.25722
293	0	0.26111
294	0	0.26513
295	0	0.26925
296	0	0.2735
297	0	0.27785
298	0	0.28231
299	0	0.28687
300	0	0.29153
301	0	0.29629
302	0	0.30114
303	0	0.30608
304	0	0.31111
305	0	0.31622
306	0	0.32141
307	0	0.32668
308	0	0.33202
309	4.3794e+07	0.33743
310	0	0.34291
311	0	0.34845
312	0	0.35405
313	0	0.35971
314	0	0.36543
315	0	0.37119
316	0	0.37701
317	0	0.38287
318	0	0.38877
319	0	0.39472
320	0	0.4007
321	0	0.40671
322	0	0.41276
323	0	0.41884
324	0	0.42495
325	0	0.43108
326	0	0.43723
327	0	0.4434
328	0	0.4496
329	0	0.4558
330	0	0.46202
331	0	0.46825
332	0	0.47449
333	0	0.48074
334	0	0.48699
335	0	0.49325
336	0	0.49951
337	0	0.50577
338	0	0.51203
339	0	0.51828
340	0	0.52453
341	0	0.53077
342	0	0.537
343	0	0.54323
344	0	0.54944
345	0	0.55564
346	0	0.56183
347	0	0.568
348	0	0.57416
349	0	0.5803
350	0	0.58643
351	1.0772e+08	0.59253
352	0	0.59861
353	0	0.60468
354	0	0.61072
355	0	0.61674
356	0	0.62273
357	0	0.6287
358	0	0.63465
359	0	0.64057
360	0	0.64646
361	0	0.65232
362	0	0.65816
363	0	0.66397
364	0	0.66974
365	0	0.67549
366	0	0.68121
367	0	0.6869
368	0	0.69255
369	0	0.69818
370	0	0.70377
371	0	0.70932
372	0	0.71485
373	0	0.72034
374	0	0.72579
375	0	0.73121
376	0	0.73659
377	0	0.74194
378	0	0.74725
379	0	0.75253
380	0	0.75776
381	0	0.76296
382	0	0.76812
383	0	0.77324
384	0	0.77833
385	0	0.78337
386	0	0.78837
387	0	0.79333
388	0	0.79825
389	0	0.80312
390	0	0.80796
391	0	0.81275
392	0	0.81749
393	0	0.82219
394	0	0.82685
395	0	0.83146
396	0	0.83602
397	0	0.84054
398	0	0.84501
399	0	0.84943
400	0	0.8538
401	0	0.85812
402	0	0.86239
403	0	0.8666
404	0	0.87077
405	0	0.87488
406	0	0.87893
407	0	0.88293
408	0	0.88687
409	0	0.89076
410	0	0.89458
411	0	0.89835
412	0	0.90206
413	0	0.9057
414	0	0.90928
415	0	0.9128
416	0	0.91625
417	0	0.91963
418	0	0.92295
419	0	0.92619
420	0	0.92937
421	0	0.93248
422	0	0.93551
423	0	0.93847
424	0	0.94135
425	0	0.94415
426	0	0.94688
427	0	0.94953
428	0	0.95209
429	0	0.95458
430	0	0.95698
431	0	0.95929
432	7.9797e+07	0.96151
433	0	0.96365
434	0	0.9657
435	0	0.96766
436	0	0.96952
437	0	0.97129
438	0	0.97296
439	0	0.97453
440	0	0.97601
441	0	0.97738
442	1.9627e+08	0.97865
443	0	0.97982
444	0	0.98088
445	0	0.98184
446	0	0.98269
447	0	0.98343
448	0	0.98405
449	0	0.98457
450	0	0.98497
451	0	0.98525
452	0	0.98542
453	0	0.98546
454	0	0.98539
455	0	0.9852
456	0	0.98488
457	0	0.98444
458	0	0.98388
459	0	0.98319
460	0	0.98237
461	0	0.98142
462	0	0.98034
463	0	0.97913
464	0	0.97779
465	0	0.97631
466	0	0.9747
467	0	0.97296
468	0	0.97108
469	0	0.96906
470	0	0.9669
471	0	0.9646
472	0	0.96217
473	0	0.95959
474	0	0.95688
475	0	0.95402
476	0	0.95102
477	0	0.94787
478	0	0.94459
479	0	0.94116
480	0	0.93759
481	0	0.93387
482	0	0.93001
483	0	0.926
484	0	0.92185
485	0	0.91756
486	0	0.91312
487	0	0.90854
488	0	0.90381
489	0	0.89894
490	0	0.89393
491	0	0.88877
492	7.571e+08	0.88347
493	0	0.87803
494	0	0.87245
495	0	0.86673
496	0	0.86087
497	0	0.85487
498	0	0.84873
499	0	0.84246
500	0	0.83605
501	0	0.8295
502	0	0.82282
503	0	0.81601
504	0	0.80907
505	0	0.802
506	7.9797e+07	0.7948
507	0	0.78747
508	0	0.78002
509	0	0.77245
510	0	0.76475
511	0	0.75694
512	0	0.74901
513	0	0.74096
514	0	0.7328
515	0	0.72453
516	0	0.71615
517	0	0.70767
518	0	0.69908
519	0	0.69039
520	0	0.6816
521	0	0.67271
522	0	0.66373
523	0	0.65466
524	0	0.6455
525	0	0.63626
526	0	0.62693
527	0	0.61753
528	0	0.60805
529	0	0.59849
530	0	0.58886
531	0	0.57917
532	0	0.56941
533	0	0.5596
534	0	0.54972
535	0	0.5398
536	0	0.52982
537	0	0.51979
538	0	0.50972
539	0	0.49962
540	0	0.48947
541	0	0.4793
542	0	0.46909
543	0	0.45886
544	0	0.44861
545	0	0.43835
546	0	0.42806
547	0	0.41777
548	0	0.40748
549	0	0.39718
550	0	0.38688
551	0	0.37659
552	0	0.36631
553	0	0.35604
554	0	0.34579
555	0	0.33557
556	0	0.32536
557	0	0.31519
558	0	0.30505
559	0	0.29495
560	0	0.2849
561	0	0.27488
562	0	0.26492
563	0	0.25501
564	0	0.24516
565	0	0.23537
566	0	0.22564
567	0	0.21599
568	0	0.20641
569	0	0.1969
570	0	0.18748
571	0	0.17814
572	0	0.16889
573	0	0.15989
574	0	0.15115
575	0	0.14267
576	0	0.13445
577	0	0.1265
578	0	0.11881
579	0	0.11137
580	0	0.1042
581	0	0.097281
582	0	0.090621
583	0	0.084216
584	0	0.078064
585	0	0.072165
586	0	0.066517
587	0	0.061117
588	0	0.055965
589	0	0.051058
590	0	0.046393
591	0	0.04197
592	0	0.037786
593	0	0.033838
594	0	0.030125
595	0	0.026643
596	0	0.02339
597	0	0.020363
598	0	0.017559
599	0	0.014977
600	0	0.012611
601	0	0.010461
602	0	0.0085215
603	0	0.0067903
604	0	0.0052639
605	0	0.003939
606	0	0.0028119
607	0	0.0018792
608	0	0.0011371
609	0	0.000582
610	0	0.00021005
611	0	1.7363e-05
612	0	0
613	0	0
614	0	0
615	0	0
616	0	0
617	0	0
618	0	0
619	0	0
620	0	0
621	0	0
622	0	0
623	0	0
624	0	0
625	0	0
626	0	0
627	0	0
628	0	0
629	0	0
630	0	0
631	0	0
632	0	0
633	0	0
634	0	0
635	0	0
636	0	0
637	0	0
638	0	0
639	0	0
640	0	0
641	0	0
642	0	0
643	0	0
644	0	0
645	0	0
646	0	0
647	0	0
648	0	0.00012526
649	0	0.00040312
650	0	0.00083562
651	0	0.0014247
652	0	0.0021722
653	0	0.0030798
654	0	0.0041491
655	0	0.0053817
656	0	0.0067788
657	0	0.0083417
658	0	0.010072
659	0	0.01197
660	0	0.014036
661	0	0.016273
662	0	0.01868
663	0	0.021258
664	0	0.024007
665	0	0.026928
666	0	0.030021
667	0	0.033285
668	0	0.036722
669	0	0.040331
670	0	0.044111
671	0	0.048062
672	0	0.052184
673	0	0.056475
674	0	0.060936
675	0	0.065566
676	0	0.070363
677	0	0.075326
678	0	0.080454
679	0	0.085746
680	0	0.091201
681	0	0.096816
682	0	0.10259
683	0	0.10852
684	0	0.11461
685	0	0.12085
686	0	0.12724
687	0	0.13379
688	0	0.14035
689	0	0.14691
690	0	0.15345
691	0	0.15998
692	0	0.16648
693	0	0.17296
694	0	0.17941
695	0	0.18582
696	0	0.1922
697	0	0.19853
698	0	0.20481
699	0	0.21104
700	0	0.21721
701	0	0.22333
702	0	0.22937
703	0	0.23535
704	0	0.24126
705	0	0.24708
706	0	0.25283
707	0	0.25849
708	0	0.26406
709	0	0.26954
710	0	0.27492
711	0	0.28019
712	0	0.28537
713	0	0.29044
714	0	0.29539
715	0	0.30023
716	0	0.30495
717	0	0.30955
718	0	0.31403
719	0	0.31837
720	0	0.32259
721	0	0.32667
722	0	0.33062
723	0	0.33442
724	0	0.33808
725	0	0.3416
726	0	0.34497
727	0	0.34819
728	0	0.35126
729	0	0.35418
730	0	0.35693
731	0	0.35953
732	0	0.36197
733	0	0.36425
734	0	0.36636
735	0	0.36831
736	0	0.37009
737	0	0.37171
738	0	0.37315
739	0	0.37442
740	0	0.37553
741	5.9115e+07	0.37646
742	0	0.37721
743	0	0.3778
744	0	0.37821
745	0	0.37844
746	0	0.3785
747	0	0.37839
748	0	0.3781
749	0	0.37764
750	0	0.377
751	0	0.37619
752	0	0.3752
753	0	0.37404
754	0	0.37271
755	0	0.37121
756	0	0.36953
757	0	0.36769
758	0	0.36567
759	0	0.3635
760	0	0.36115
761	0	0.35864
762	0	0.35597
763	0	0.35314
764	0	0.35015
765	0	0.347
766	0	0.3437
767	0	0.34025
768	0	0.33665
769	0	0.3329
770	0	0.329
771	0	0.32496
772	0	0.32079
773	0	0.31648
774	0	0.31204
775	0	0.30746
776	0	0.30276
777	0	0.29794
778	0	0.293
779	0	0.28794
780	0	0.28277
781	0	0.2775
782	0	0.27211
783	0	0.26663
784	0	0.26105
785	0	0.25538
786	0	0.24963
787	0	0.24378
788	0	0.23787
789	0	0.23187
790	0	0.22581
791	0	0.21968
792	0	0.21349
793	0	0.20725
794	0	0.20095
795	0	0.19461
796	0	0.18823
797	0	0.18182
798	0	0.17537
799	0	0.1689
800	0	0.16242
801	0	0.15591
802	0	0.1494
803	0	0.14289
804	0	0.13638
805	0	0.12987
806	0	0.12341
807	0	0.1171
808	0	0.11095
809	0	0.10495
810	0	0.099109
811	0	0.09343
812	0	0.087913
813	0	0.08256
814	0	0.077372
815	0	0.072351
816	0	0.067497
817	0	0.062813
818	0	0.058298
819	0	0.053953
820	0	0.049779
821	0	0.045777
822	0	0.041948
823	0	0.03829
824	0	0.034804
825	0	0.031491
826	0	0.02835
827	0	0.025381
828	0	0.022582
829	0	0.019955
830	0	0.017497
831	0	0.015207
832	0	0.013086
833	0	0.011131
834	0	0.009341
835	0	0.0077147
836	0	0.0062502
837	0	0.0049458
838	0	0.0037994
839	0	0.0028088
840	0	0.0019719
841	0	0.0012861
842	0	0.00074881
843	0	0.00035737
844	0	0.00010878
845	0	0
846	0	0
847	0	0
848	0	0
849	0	0
850	0	0
851	0	0
852	0	0
853	0	0
854	0	0
855	0	0
856	0	0.00014346
857	0	0.00047629
858	0	0.001007
859	0	0.001744
860	0	0.0026959
861	0	0.0038711
862	0	0.0052782
863	0	0.0069255
864	0	0.0088217
865	0	0.010975
866	0	0.013394
867	0	0.016088
868	0	0.019065
869	0	0.022333
870	0	0.0259
871	0	0.029776
872	0	0.033969
873	0	0.038486
874	0	0.043337
875	0	0.048529
876	0	0.05407
877	0	0.05997
878	0	0.066236
879	0	0.072876
880	0	0.079898
881	0	0.087311
882	0	0.095121
883	0	0.10334
884	0	0.11197
885	0	0.12102
886	0	0.1305
887	0	0.14041
888	0	0.15077
889	0	0.16158
890	0	0.17285
891	0	0.18458
892	0	0.19678
893	0	0.20946
894	0	0.22263
895	0	0.23629
896	0	0.25031
897	0	0.26464
898	0	0.27928
899	0	0.29424
900	0	0.3095
901	0	0.32507
902	0	0.34094
903	0	0.35712
904	0	0.37359
905	0	0.39035
906	0	0.4074
907	0	0.42474
908	0	0.44236
909	0	0.46026
910	0	0.47844
911	0	0.49688
912	0	0.51559
913	0	0.53457
914	0	0.5538
915	0	0.57328
916	0	0.59301
917	0	0.61299
918	0	0.6332
919	0	0.65364
920	0	0.67431
921	0	0.6952
922	6.8682e+07	0.7163
923	0	0.73762
924	0	0.75914
925	0	0.78086
926	0	0.80276
927	0	0.82486
928	0	0.84713
929	0	0.86957
930	0	0.89218
931	0	0.91495
932	0	0.93787
933	0	0.96094
934	0	0.98414
935	0	1.0075
936	0	1.0309
937	0	1.0545
938	0	1.0782
939	0	1.102
940	0	1.1259
941	0	1.1498
942	0	1.1739
943	0	1.198
944	0	1.2222
945	0	1.2464
946	0	1.2707
947	0	1.295
948	0	1.3194
949	0	1.3437
950	0	1.3681
951	0	1.3925
952	3.7694e+07	1.4169
953	0	1.4413
954	0	1.4657
955	0	1.49
956	0	1.5143
957	0	1.5385
958	0	1.5627
959	0	1.5869
960	0	1.611
961	0	1.635
962	0	1.6589
963	0	1.6827
964	0	1.7064
965	0	1.73
966	0	1.7534
967	0	1.7768
968	0	1.8
969	0	1.8231
970	0	1.846
971	0	1.8687
972	0	1.8913
973	0	1.9137
974	0	1.9359
975	0	1.9579
976	6.8682e+07	1.9796
977	0	2.0012
978	0	2.0226
979	0	2.0437
980	0	2.0646
981	0	2.0853
982	0	2.1056
983	0	2.1258
984	0	2.1456
985	0	2.1652
986	0	2.1845
987	0	2.2035
988	0	2.2222
989	0	2.2406
990	0	2.2587
991	0	2.2764
992	0	2.2939
993	0	2.3109
994	0	2.3277
995	0	2.3441
996	0	2.3601
997	0	2.3758
998	0	2.3911
999	3.7694e+07	2.406
1000	0	2.4206
1001	0	2.4347
1002	0	2.4485
1003	0	2.4618
1004	0	2.4748
1005	0	2.4873
1006	2.6494e+08	2.4994
1007	0	2.5111
1008	0	2.5224
1009	0	2.5332
1010	0	2.5436
1011	0	2.5536
1012	0	2.5631
1013	0	2.5721
1014	0	2.5807
1015	0	2.5889
1016	0	2.5966
1017	0	2.6038
1018	0	2.6105
1019	0	2.6168
1020	0	2.6226
1021	0	2.6279
1022	0	2.6327
1023	0	2.637
1024	0	2.6409
1025	0	2.6442
1026	0	2.6471
1027	3.5763e+08	2.6495
1028	0	2.6513
1029	0	2.6527
1030	0	2.6536
1031	0	2.6539
1032	0	2.6538
1033	0	2.6532
1034	0	2.652
1035	0	2.6504
1036	0	2.6483
1037	0	2.6456
1038	2.4034e+07	2.6424
1039	0	2.6388
1040	3.7694e+07	2.6346
1041	3.0781e+08	2.63
1042	0	2.6248
1043	0	2.6191
1044	0	2.613
1045	0	2.6063
1046	0	2.5991
1047	0	2.5915
1048	0	2.5833
1049	0	2.5747
1050	0	2.5656
1051	0	2.556
1052	0	2.5459
1053	0	2.5353
1054	0	2.5243
1055	0	2.5128
1056	0	2.5008
1057	0	2.4883
1058	1.9628e+08	2.4754
1059	0	2.4621
1060	0	2.4482
1061	0	2.434
1062	0	2.4193
1063	0	2.4041
1064	0	2.3886
1065	0	2.3726
1066	0	2.3561
1067	0	2.3393
1068	0	2.322
1069	0	2.3044
1070	0	2.2863
1071	0	2.2679
1072	0	2.249
1073	0	2.2298
1074	0	2.2103
1075	0	2.1903
1076	0	2.17
1077	0	2.1494
1078	0	2.1284
1079	0	2.107
1080	0	2.0854
1081	0	2.0634
1082	0	2.0411
1083	0	2.0185
1084	0	1.9956
1085	0	1.9724
1086	0	1.949
1087	0	1.9252
1088	0	1.9012
1089	0	1.877
1090	0	1.8525
1091	0	1.8278
1092	0	1.8028
1093	0	1.7777
1094	0	1.7523
1095	0	1.7267
1096	0	1.701
1097	0	1.675
1098	0	1.6489
1099	0	1.6227
1100	0	1.5963
1101	0	1.5697
1102	0	1.543
1103	0	1.5162
1104	0	1.4893
1105	0	1.4623
1106	0	1.4352
1107	0	1.408
1108	0	1.3808
1109	0	1.3535
1110	0	1.3261
1111	0	1.2987
1112	0	1.2713
1113	0	1.2439
1114	0	1.2165
1115	0	1.189
1116	0	1.1616
1117	0	1.1342
1118	0	1.1069
1119	0	1.0795
1120	0	1.0523
1121	0	1.0251
1122	0	0.99797
1123	0	0.97094
1124	0	0.94401
1125	0	0.91718
1126	0	0.89047
1127	0	0.86389
1128	0	0.83745
1129	0	0.81115
1130	0	0.78501
1131	0	0.75903
1132	0	0.73323
1133	0	0.70762
1134	0	0.6822
1135	9.2711e+07	0.65699
1136	0	0.632
1137	0	0.60722
1138	0	0.58268
1139	0	0.55839
1140	0	0.53434
1141	0	0.51055
1142	0	0.48704
1143	0	0.4638
1144	0	0.44084
1145	0	0.41818
1146	0	0.39583
1147	0	0.37412
1148	0	0.3531
1149	0	0.33275
1150	0	0.31307
1151	0	0.29406
1152	0	0.27572
1153	0	0.25803
1154	0	0.241
1155	0	0.22462
1156	0	0.20888
1157	0	0.19378
1158	0	0.17931
1159	0	0.16547
1160	0	0.15225
1161	0	0.13964
1162	0	0.12763
1163	0	0.11622
1164	0	0.10541
1165	0	0.095182
1166	0	0.085526
1167	0	0.076442
1168	0	0.06792
1169	0	0.059949
1170	0	0.052521
1171	9.2711e+07	0.045632
1172	0	0.039267
1173	0	0.033418
1174	0	0.028077
1175	0	0.023235
1176	0	0.018881
1177	0	0.015007
1178	0	0.011602
1179	0	0.0086549
1180	0	0.0061579
1181	0	0.0040979
1182	0	0.0024668
1183	0	0.0012513
1184	0	0.00044266
1185	0	2.9525e-05
1186	0	0
1187	0	0
1188	0	0
1189	0	0
1190	0	0
1191	0	0
1192	0	0
1193	0	0
1194	0	0
1195	0	0
1196	0	0
1197	0	0
1198	0	0
1199	0	0
1200	0	0
1201	0	0
1202	0	0
1203	0	0
1204	0	0
1205	0	0
1206	0	0
1207	0	0
1208	0	0
1209	0	0
1210	0	0
1211	0	0
1212	0	0.00028602
1213	0	0.00089866
1214	0	0.0018449
1215	0	0.0031373
1216	0	0.0047747
1217	0	0.0067684
1218	0	0.0091159
1219	0	0.01183
1220	0	0.014904
1221	0	0.018352
1222	0	0.022171
1223	0	0.026368
1224	0	0.030943
1225	0	0.035908
1226	0	0.041258
1227	0	0.046988
1228	0	0.053112
1229	0	0.059628
1230	0	0.066544
1231	0	0.073851
1232	0	0.081549
1233	0	0.089647
1234	0	0.098139
1235	0	0.10703
1236	0	0.11632
1237	0	0.12601
1238	0	0.13609
1239	0	0.14657
1240	0	0.15745
1241	0	0.16871
1242	0	0.18037
1243	0	0.19241
1244	0	0.20485
1245	0	0.21766
1246	0	0.23086
1247	0	0.24443
1248	0	0.2584
1249	0	0.27274
1250	0	0.28743
1251	0	0.30249
1252	0	0.31763
1253	0	0.33279
1254	0	0.34798
1255	0	0.36317
1256	0	0.37835
1257	0	0.39353
1258	0	0.40866
1259	0	0.42376
1260	0	0.43881
1261	0	0.45382
1262	0	0.46876
1263	0	0.48363
1264	0	0.4984
1265	0	0.51308
1266	0	0.52766
1267	0	0.54213
1268	0	0.55648
1269	0	0.57069
1270	0	0.58477
1271	0	0.59868
1272	0	0.61244
1273	0	0.62604
1274	0	0.63945
1275	0	0.6527
1276	0	0.66575
1277	0	0.67859
1278	0	0.69122
1279	0	0.70364
1280	0	0.71584
1281	0	0.72782
1282	0	0.73955
1283	0	0.75105
1284	0	0.76228
1285	0	0.77327
1286	0	0.784
1287	0	0.79447
1288	0	0.80466
1289	0	0.81456
1290	0	0.8242
1291	0	0.83354
1292	0	0.8426
1293	0	0.85136
1294	0	0.85982
1295	0	0.86798
1296	0	0.87584
1297	0	0.88339
1298	0	0.89063
1299	0	0.89755
1300	0	0.90417
1301	0	0.91046
1302	0	0.91643
1303	0	0.92209
1304	0	0.92742
1305	0	0.93242
1306	0	0.93709
1307	0	0.94147
1308	0	0.94552
1309	0	0.94926
1310	0	0.95268
1311	0	0.95577
1312	0	0.95856
1313	0	0.96104
1314	0	0.96321
1315	0	0.96508
1316	0	0.96663
1317	0	0.9679
1318	0	0.96885
1319	0	0.96951
1320	0	0.96989
1321	0	0.96998
1322	0	0.96981
1323	0	0.96938
1324	0	0.96871
1325	0	0.96772
1326	0	0.96653
1327	0	0.96506
1328	0	0.96335
1329	0	0.96141
1330	0	0.95925
1331	0	0.95689
1332	0	0.95431
1333	0	0.95153
1334	0	0.94854
1335	0	0.9454
1336	0	0.94209
1337	7.9797e+07	0.93863
1338	0	0.93503
1339	0	0.93128
1340	0	0.9274
1341	0	0.92342
1342	0	0.91934
1343	0	0.91512
1344	0	0.91084
1345	0	0.90652
1346	0	0.90214
1347	0	0.89767
1348	0	0.89316
1349	0	0.88866
1350	0	0.88413
1351	9.2711e+07	0.87964
1352	0	0.87517
1353	0	0.87072
1354	0	0.86631
1355	0	0.86194
1356	0	0.8577
1357	0	0.85349
1358	3.2443e+07	0.84944
1359	0	0.84547
1360	0	0.84165
1361	0	0.83797
1362	0	0.83445
1363	0	0.8311
1364	0	0.82789
1365	0	0.82492
1366	0	0.82213
1367	0	0.8196
1368	0	0.81732
1369	0	0.81532
1370	0	0.81357
1371	0	0.81214
1372	0	0.81098
1373	0	0.81016
1374	0	0.80969
1375	0	0.80957
1376	0	0.80984
1377	0	0.81041
1378	0	0.81139
1379	0	0.81279
1380	0	0.8146
1381	0	0.81682
1382	0	0.81948
1383	0	0.82267
1384	0	0.82629
1385	0	0.83039
1386	0	0.83497
1387	0	0.8401
1388	0	0.84574
1389	0	0.85185
1390	0	0.85857
1391	0	0.86583
1392	0	0.87367
1393	0	0.88209
1394	0	0.89109
1395	0	0.90065
1396	0	0.91084
1397	0	0.92162
1398	0	0.93306
1399	0	0.94513
1400	5.9115e+07	0.95782
1401	0	0.97119
1402	0	0.98517
1403	0	0.99982
1404	0	1.0152
1405	0	1.0312
1406	0	1.048
1407	0	1.0654
1408	0	1.0835
1409	0	1.1023
1410	0	1.1218
1411	0	1.142
1412	0	1.1628
1413	0	1.1844
1414	0	1.2067
1415	0	1.2297
1416	0	1.2533
1417	0	1.2778
1418	0	1.3028
1419	0	1.3286
1420	0	1.3551
1421	1.2515e+08	1.3823
1422	0	1.4102
1423	0	1.4388
1424	0	1.4681
1425	0	1.4981
1426	0	1.5288
1427	0	1.5601
1428	0	1.5921
1429	0	1.6248
1430	0	1.6581
1431	0	1.6921
1432	0	1.7266
1433	0	1.7617
1434	0	1.7976
1435	0	1.834
1436	0	1.871
1437	0	1.9087
1438	0	1.9468
1439	0	1.9856
1440	0	2.0248
1441	0	2.0646
1442	0	2.105
1443	0	2.1458
1444	0	2.1871
1445	0	2.2288
1446	0	2.271
1447	0	2.3136
1448	1.454e+08	2.3566
1449	0	2.4001
1450	0	2.4439
1451	0	2.488
1452	0	2.5327
1453	0	2.5775
1454	0	2.6226
1455	0	2.6681
1456	0	2.7138
1457	0	2.7596
1458	0	2.8057
1459	2.4034e+07	2.852
1460	0	2.8985
1461	0	2.9451
1462	0	2.9918
1463	0	3.0384
1464	0	3.0853
1465	0	3.1321
1466	0	3.179
1467	0	3.2258
1468	0	3.2726
1469	0	3.3194
1470	0	3.366
1471	0	3.4124
1472	0	3.4588
1473	0	3.5051
1474	0	3.551
1475	0	3.5967
1476	0	3.6422
1477	0	3.6874
1478	0	3.7323
1479	0	3.7768
1480	0	3.821
1481	0	3.8647
1482	0	3.9081
1483	0	3.9509
1484	0	3.9934
1485	0	4.0353
1486	0	4.0766
1487	0	4.1172
1488	0	4.1573
1489	0	4.1969
1490	0	4.2357
1491	2.0687e+07	4.2739
1492	0	4.3112
1493	0	4.3478
1494	0	4.3838
1495	0	4.4189
1496	2.2803e+08	4.4533
1497	0	4.4869
1498	0	4.5196
1499	5.0881e+07	4.5514
1500	0	4.5822
1501	1.454e+08	4.6122
1502	0	4.6411
1503	0	4.6691
1504	0	4.6961
1505	0	4.7221
1506	1.0772e+08	4.7471
1507	0	4.7709
1508	0	4.7937
1509	0	4.8155
1510	0	4.836
1511	0	4.8557
1512	6.8682e+07	4.8739
1513	0	4.8911
1514	0	4.907
1515	0	4.9216
1516	5.9115e+07	4.935
1517	0	4.9472
1518	0	4.9582
1519	0	4.9679
1520	0	4.9764
1521	0	4.9836
1522	0	4.9894
1523	0	4.9941
1524	0	4.9973
1525	0	4.9992
1526	1.2515e+08	5
1527	0	4.9994
1528	0	4.9973
1529	0	4.994
1530	0	4.9895
1531	0	4.9836
1532	0	4.9764
1533	0	4.9676
1534	0	4.9577
1535	9.2711e+07	4.9464
1536	0	4.9338
1537	0	4.9199
1538	0	4.9048
1539	0	4.8881
1540	6.8682e+07	4.8703
1541	0	4.8513
1542	0	4.8308
1543	0	4.809
1544	0	4.786
1545	1.0772e+08	4.7617
1546	0	4.7362
1547	0	4.7096
1548	0	4.6819
1549	0	4.653
1550	0	4.623
1551	0	4.5916
1552	0	4.5592
1553	0	4.5257
1554	0	4.4912
1555	0	4.4555
1556	0	4.4191
1557	0	4.3817
1558	0	4.3432
1559	0	4.3036
1560	0	4.263
1561	0	4.2215
1562	0	4.1789
1563	1.5861e+08	4.1357
1564	0	4.0918
1565	0	4.0471
1566	0	4.0012
1567	5.9115e+07	3.9549
1568	0	3.9083
1569	0	3.8608
1570	0	3.8126
1571	0	3.7639
1572	0	3.7145
1573	0	3.665
1574	0	3.6149
1575	0	3.5642
1576	0	3.5135
1577	0	3.4622
1578	0	3.4103
1579	0	3.3584
1580	0	3.3063
1581	0	3.2539
1582	0	3.2013
1583	0	3.1493
1584	0	3.097
1585	0	3.0442
1586	0	2.9917
1587	0	2.9391
1588	0	2.8862
1589	0	2.8337
1590	0	2.7815
1591	0	2.7295
1592	0	2.6778
1593	0	2.6263
1594	2.4034e+07	2.5754
1595	0	2.5249
1596	0	2.4743
1597	0	2.4243
1598	0	2.3748
1599	0	2.326
1600	0	2.2782
1601	0	2.231
1602	0	2.1842
1603	0	2.1381
1604	0	2.0926
1605	0	2.0484
1606	0	2.0053
1607	0	1.9627
1608	0	1.9203
1609	0	1.8793
1610	0	1.8392
1611	0	1.8004
1612	0	1.7625
1613	0	1.7258
1614	0	1.6897
1615	0	1.6546
1616	0	1.621
1617	0	1.5881
1618	0	1.5569
1619	0	1.5267
1620	0	1.4982
1621	0	1.4707
1622	0	1.4446
1623	0	1.4197
1624	0	1.396
1625	0	1.3742
1626	0	1.3532
1627	0	1.334
1628	0	1.3162
1629	0	1.2998
1630	0	1.285
1631	0	1.2716
1632	0	1.2603
1633	0	1.2499
1634	0	1.2407
1635	0	1.2331
1636	0	1.2274
1637	0	1.2231
1638	0	1.2205
1639	0	1.2192
1640	0	1.2191
1641	0	1.2205
1642	0	1.2244
1643	0	1.2289
1644	0	1.2352
1645	0	1.2427
1646	0	1.2514
1647	0	1.2615
1648	0	1.2741
1649	0	1.2883
1650	0	1.3031
1651	0	1.3194
1652	0	1.3369
1653	0	1.3558
1654	0	1.3762
1655	0	1.3983
1656	0	1.4214
1657	0	1.4462
1658	6.8682e+07	1.4723
1659	0	1.4999
1660	0	1.5281
1661	0	1.5582
1662	1.2515e+08	1.5889
1663	0	1.6202
1664	0	1.6532
1665	0	1.6865
1666	0	1.7215
1667	0	1.7576
1668	3.5763e+08	1.7941
1669	0	1.8316
1670	0	1.8701
1671	0	1.9096
1672	0	1.9501
1673	0	1.9914
1674	0	2.0334
1675	0	2.0755
1676	0	2.118
1677	0	2.1618
1678	0	2.2055
1679	0	2.2497
1680	0	2.2954
1681	0	2.3411
1682	0	2.3866
1683	0	2.4322
1684	0	2.4785
1685	0	2.5242
1686	0	2.5708
1687	0	2.6183
1688	0	2.6643
1689	0	2.7104
1690	0	2.7572
1691	0	2.8037
1692	0	2.8505
1693	0	2.8969
1694	0	2.9431
1695	1.7805e+07	2.9902
1696	0	3.0353
1697	7.9797e+07	3.0806
1698	2.4034e+07	3.1252
1699	0	3.1694
1700	0	3.2135
1701	0	3.2566
1702	0	3.2998
1703	4.3794e+07	3.3425
1704	0	3.3833
1705	0	3.4245
1706	0	3.4643
1707	0	3.5039
1708	0	3.5432
1709	0	3.5806
1710	0	3.6166
1711	0	3.6521
1712	0	3.6862
1713	0	3.7196
1714	0	3.7521
1715	0	3.785
1716	0	3.8172
1717	0	3.8475
1718	0	3.8764
1719	0	3.905
1720	0	3.9312
1721	0	3.9566
1722	0	3.9809
1723	0	4.0048
1724	9.2711e+07	4.0268
1725	0	4.0479
1726	0	4.0686
1727	9.2711e+07	4.0867
1728	0	4.105
1729	0	4.1204
1730	0	4.135
1731	1.2515e+08	4.1489
1732	0	4.1612
1733	0	4.1714
1734	0	4.18
1735	0	4.1868
1736	0	4.1934
1737	0	4.1987
1738	0	4.204
1739	0	4.2086
1740	0	4.2103
1741	0	4.2105
1742	0	4.2099
1743	0	4.2074
1744	0	4.2057
1745	0	4.2016
1746	0	4.1974
1747	0	4.1896
1748	0	4.1826
1749	0	4.1741
1750	0	4.1643
1751	0	4.1544
1752	0	4.1427
1753	0	4.1297
1754	0	4.1168
1755	0	4.1015
1756	0	4.085
1757	0	4.0677
1758	0	4.0497
1759	0	4.0303
1760	0	4.012
1761	0	3.9927
1762	0	3.9727
1763	0	3.9523
1764	0	3.9294
1765	0	3.9069
1766	0	3.8832
1767	0	3.8607
1768	3.7694e+07	3.8361
1769	0	3.8114
1770	0	3.7861
1771	0	3.7596
1772	0	3.7346
1773	5.5938e+08	3.7088
1774	0	3.684
1775	0	3.6584
1776	0	3.6309
1777	0	3.6054
1778	3.7694e+07	3.5778
1779	0	3.5484
1780	0	3.5236
1781	0	3.4976
1782	0	3.4706
1783	0	3.443
1784	0	3.4149
1785	0	3.3886
1786	0	3.3606
1787	0	3.3357
1788	0	3.3109
1789	0	3.2833
1790	0	3.2578
1791	0	3.2333
1792	0	3.2073
1793	0	3.1848
1794	0	3.1608
1795	0	3.137
1796	0	3.1123
1797	0	3.0882
1798	0	3.0665
1799	0	3.0446
1800	0	3.022
1801	0	3.0022
1802	0	2.9816
1803	0	2.9612
1804	0	2.9441
1805	0	2.9264
1806	0	2.9072
1807	0	2.8886
1808	0	2.8721
1809	0	2.8556
1810	0	2.8399
1811	0	2.8245
1812	0	2.8103
1813	0	2.7968
1814	0	2.7835
1815	0	2.7688
1816	0	2.7558
1817	0	2.7424
1818	0	2.7301
1819	0	2.7183
1820	0	2.703
1821	7.9797e+07	2.6916
1822	0	2.6797
1823	0	2.6712
1824	0	2.6597
1825	0	2.6494
1826	0	2.6418
1827	0	2.6349
1828	0	2.6223
1829	0	2.6151
1830	0	2.6073
1831	9.2711e+07	2.5984
1832	0	2.5923
1833	0	2.582
1834	1.9627e+08	2.5736
1835	0	2.5649
1836	0	2.5545
1837	0	2.5457
1838	0	2.538
1839	0	2.529
1840	0	2.5194
1841	0	2.5067
1842	0	2.4932
1843	0	2.4781
1844	0	2.4648
1845	0	2.4506
1846	0	2.4378
1847	7.9797e+07	2.4221
1848	0	2.4064
1849	0	2.3886
1850	0	2.3765
1851	1.0772e+08	2.3609
1852	0	2.3396
1853	1.0772e+08	2.3208
1854	0	2.2993
1855	0	2.2828
1856	0	2.2629
1857	0	2.2375
1858	0	2.2168
1859	0	2.1984
1860	0	2.1772
1861	0	2.1502
1862	0	2.1261
1863	0	2.0999
1864	0	2.0705
1865	0	2.0418
1866	0	2.0114
1867	0	1.979
1868	0	1.9474
1869	0	1.9129
1870	0	1.8821
1871	0	1.8501
1872	0	1.816
1873	0	1.7772
1874	0	1.7395
1875	0	1.7026
1876	0	1.6676
1877	0	1.6298
1878	0	1.5891
1879	0	1.5523
1880	0	1.5117
1881	0	1.4684
1882	0	1.4281
1883	0	1.3889
1884	0	1.3483
1885	0	1.3053
1886	0	1.2575
1887	0	1.2134
1888	0	1.1753
1889	0	1.1333
1890	0	1.0841
1891	0	1.0462
1892	0	1.0056
1893	0	0.95922
1894	0	0.91977
1895	0	0.87493
1896	0	0.83676
1897	0	0.80014
1898	0	0.7572
1899	0	0.71286
1900	0	0.67223
1901	0	0.63536
1902	0	0.59745
1903	0	0.56001
1904	0	0.52879
1905	0	0.49528
1906	0	0.46232
1907	0	0.42991
1908	0	0.40116
1909	0	0.37454
1910	0	0.34391
1911	0	0.31375
1912	0	0.28953
1913	0	0.27172
1914	0	0.24842
1915	0	0.22602
1916	0	0.20484
1917	0	0.19186
1918	0	0.18005
1919	0	0.16138
1920	0	0.14951
1921	0	0.15274
1922	0	0.13959
1923	0	0.1328
1924	0	0.13599
1925	0	0.1347
1926	0	0.13936
1927	0	0.13898
1928	0	0.13908
1929	0	0.14966
1930	0	0.16548
1931	0	0.17257
1932	0	0.17919
1933	0	0.19908
1934	0	0.21078
1935	0	0.23608
1936	0	0.25582
1937	0	0.27309
1938	0	0.30594
1939	0	0.3271
1940	0	0.35546
1941	0	0.38178
1942	0	0.40929
1943	0	0.44815
1944	0	0.48461
1945	0	0.52797
1946	0	0.57002
1947	0	0.61792
1948	0	0.6681
1949	0	0.71071
1950	0	0.76159
1951	0	0.81528
1952	0	0.87069
1953	0	0.93
1954	0	0.98863
1955	0	1.0463
1956	0	1.1068
1957	0	1.1603
1958	0	1.2111
1959	0	1.2669
1960	0	1.3224
1961	4.155e+08	1.3571
1962	0	1.4115
1963	0	1.4642
1964	0	1.5185
1965	0	1.5684
1966	0	1.6127
1967	0	1.668
1968	0	1.7223
1969	0	1.7604
1970	0	1.8006
1971	0	1.8328
1972	0	1.8854
1973	0	1.9169
1974	0	1.9549
1975	0	1.9797
1976	5.9115e+07	2.0214
1977	0	2.0548
1978	0	2.0647
1979	0	2.0894
1980	0	2.1213
1981	0	2.1429
1982	0	2.1431
1983	0	2.1435
1984	0	2.1405
1985	0	2.1325
1986	0	2.1169
1987	0	2.1154
1988	0	2.0946
1989	0	2.101
1990	0	2.0693
1991	0	2.0253
1992	0	1.9937
1993	0	1.9489
1994	0	1.8963
1995	0	1.8386
1996	0	1.7781
1997	0	1.7178
1998	0	1.66
1999	0	1.6021
2000	0	1.5421
2001	0	1.4918
2002	0	1.4372
2003	0	1.3789
2004	0	1.308
2005	0	1.25
2006	0	1.1965
2007	0	1.1355
2008	0	1.0689
2009	0	1.0153
2010	0	0.95573
2011	0	0.90536
2012	0	0.84151
2013	0	0.79004
2014	0	0.73568
2015	1.454e+08	0.68362
2016	0	0.61749
2017	0	0.56456
2018	0	0.52187
2019	0	0.47571
2020	0	0.41546
2021	0	0.36757
2022	0	0.33989
2023	0	0.30061
2024	0	0.2671
2025	0	0.23182
2026	0	0.20535
2027	0	0.15891
2028	0	0.12959
2029	0	0.080549
2030	0	0.061395
2031	0	0.051645
2032	0	0.024123
2033	0	0.0059908
2034	0	0
2035	0	0
2036	0	0
2037	0	0
2038	0	0
2039	0	0
2040	0	0.0020046
2041	0	0.0020046
2042	0	0.023838
2043	0	0.057248
2044	0	0.057248
2045	0	0.10943
2046	0	0.10943
2047	0	0.13724
2048	0	0.16072
2049	0	0.17826
2050	0	0.18294
2051	0	0.21665
2052	0	0.27055
2053	0	0.3341
2054	0	0.39506
2055	0	0.47263
2056	0	0.53996
2057	0	0.61608
2058	0	0.67072
2059	0	0.71535
2060	0	0.75817
2061	0	0.88503
2062	0	0.9892
2063	0	1.0856
2064	0	1.1971
2065	0	1.3161
2066	0	1.3669
2067	0	1.4916
2068	0	1.5698
2069	0	1.694
2070	0	1.8462
2071	0	1.9405
2072	0	2.051
2073	0	2.2025
2074	0	2.322
2075	0	2.4634
2076	0	2.5809
2077	0	2.6636
2078	0	2.7876
2079	0	2.867
2080	0	2.9725
2081	0	3.0358
2082	0	3.0683
2083	6.8682e+07	3.0669
2084	0	3.1557
2085	0	3.1584
2086	0	3.1925
2087	0	3.2419
2088	0	3.2442
2089	3.7694e+07	3.2674
2090	4.3794e+07	3.336
2091	2.6381e+07	3.3451
2092	0	3.2912
2093	3.7694e+07	3.2925
2094	0	3.2639
2095	0	3.2407
2096	0	3.2057
2097	0	3.1296
2098	0	3.0789
2099	0	3.082
2100	0	3.0399
2101	0	2.913
2102	0	2.8088
2103	0	2.7125
2104	0	2.6009
2105	0	2.482
2106	0	2.4311
2107	0	2.3065
2108	0	2.2282
2109	0	2.104
2110	0	1.9518
2111	0	1.8575
2112	0	1.747
2113	0	1.5955
2114	0	1.4761
2115	1.6893e+08	1.3346
2116	0	1.2172
2117	0	1.1345
2118	0	1.0104
2119	0	0.94664
2120	0	0.83911
2121	0	0.77579
2122	0	0.72143
2123	0	0.68943
2124	0	0.60066
2125	0	0.54583
2126	0	0.51165
2127	0	0.43445
2128	0	0.40871
2129	0	0.36793
2130	0	0.32398
2131	0	0.31005
2132	0	0.31005
2133	0	0.24513
2134	0	0.21283
2135	0	0.15846
2136	0	0.30656
2137	0	0.30656
2138	0	0.30261
2139	0	0.25488
2140	0	0.29618
2141	0	0.46189
2142	0	0.56059
2143	0	0.61011
2144	0	0.61728
2145	0	0.63505
2146	0	0.63894
2147	0	0.63894
2148	0	0.63894
2149	0	0.75625
2150	0	0.76862
2151	0	0.76862
2152	0	0.789
2153	2.7924e+07	0.789
2154	0	0.789
2155	0	0.88674
2156	0	0.88674
2157	0	1.0376
2158	0	1.0376
2159	0	1.2043
2160	0	1.2043
2161	0	1.2043
2162	0	1.2043
2163	0	1.2043
2164	0	1.3678
2165	0	1.3678
2166	0	1.4474
2167	0	1.4474
2168	0	1.4474
2169	0	1.4474
2170	0	1.4181
2171	0	1.3892
2172	0	1.3892
2173	0	1.3892
2174	0	1.3892
2175	0	1.3892
2176	0	1.2087
2177	7.9797e+07	1.2087
2178	0	1.2087
2179	0	1.2087
2180	0	1.1668
2181	0	1.001
2182	0	0.90234
2183	0	0.85283
2184	0	0.84566
2185	0	0.82789
2186	0	0.824
2187	0	0.824
2188	0	0.824
2189	0	0.70669
2190	0	0.69432
2191	0	0.69432
