       188  56.01800 -119.38700   705.60   -1.0451
       189  56.02800 -119.27700   677.00   -2.2286
       190  56.06500 -119.60700   651.40   -3.8869
       191  56.06500 -119.77300   630.60   -4.5233
       192  56.07000 -119.52700   675.10   -2.8845
       193  56.07300 -119.12700   641.30   -4.0090
       194  56.10000 -119.44800   705.90   -1.7779
       195  56.11200 -119.67000   623.00   -5.4454
       196  56.16000 -119.27300   706.20   -2.2253
       197  56.17300 -119.81800   608.10   -5.9939
       198  56.17500 -119.61000   376.10  -16.4555
       199  56.18700 -119.98200   646.80   -3.9118
       200  56.18800 -119.11800   680.30   -3.4419
       201  56.23700 -119.45800   374.00  -17.0893
       202  56.24300 -119.81700   650.80   -4.7010
       203  56.26300 -119.31300   371.90  -17.4738
       204  56.27000 -119.63700   635.80   -6.0624
       205  56.31200 -119.14700   363.60  -18.2390
       206  56.32700 -119.97200   743.70   -0.7669
       207  56.34200 -119.57200   634.90   -6.6809
       208  56.34700 -119.81700   709.90   -2.8909
       209  56.36200 -119.42700   643.70   -6.6559
       210  56.39500 -119.88200   721.50   -2.4755
       211  56.43000 -119.81800   693.70   -4.1218
       212  56.47800 -119.28200   635.20   -8.2846
       213  56.47800 -119.73800   681.20   -5.3291
       214  56.43800 -120.00000   751.30   -1.0238
       215  56.01300 -118.49700   598.30   -3.9990
       216  56.07200 -118.22800   647.70   -1.5441
       217  56.07200 -118.62800   594.10   -4.9495
       218  56.07200 -118.80700   622.40   -4.2001
       219  56.10700 -118.05300   670.00    0.1157
       220  56.12800 -118.49300   650.10   -2.7494
       221  56.15700 -118.36300   679.70   -1.3994
       222  56.15700 -118.86300   619.00   -5.2713
       223  56.22800 -118.07500   656.80   -0.9419
       224  56.24200 -118.39700   689.80   -1.5248
       225  56.24300 -118.81500   653.20   -4.5113
       226  56.24500 -118.23200   689.50   -0.6451
       227  56.24700 -118.61000   660.20   -3.5792
       228  56.30500 -118.06000   725.70    1.9210
       229  56.33200 -118.46700   784.00    1.6310
       230  56.34800 -118.89500   638.00   -6.3877
       231  56.36000 -118.65800   694.30   -3.2632
       232  56.36300 -118.24500   685.80   -1.3174
       233  56.36300 -118.65700   697.70   -3.1415
       234  56.41300 -118.44000   789.40    1.5334
       235  56.44800 -118.73300   693.40   -4.3586
       236  56.44800 -118.73300   693.40   -4.3586
       237  56.45000 -118.95000   642.50   -7.4343
       238  56.45500 -118.11000   717.20    0.8640
       239  56.04300 -117.28800   581.30    0.5749
       240  56.04300 -117.89000   592.80   -1.8133
       241  56.05700 -117.43200   562.00   -0.4957
       242  56.08500 -117.65500   560.50   -1.4989
       243  56.12000 -117.49700   327.00  -10.6811
       244  56.13000 -117.31500   568.20    0.2957
       245  56.14700 -117.32800   562.70    0.1409
       246  56.14700 -117.74300   654.40    1.7543
       247  56.17800 -117.01700   602.30    1.1901
       248  56.18000 -117.16300   560.20   -0.2379
       249  56.20800 -117.20700   538.90   -0.9200
       250  56.21800 -117.23500   471.80   -3.6466
       251  56.21800 -117.82200   657.50    1.2020
       252  56.22200 -117.25200   458.70   -4.1549
       253  56.22700 -117.26800   409.00   -6.2092
       254  56.23000 -117.27700   370.00   -7.8474
       255  56.23300 -117.33500   424.30   -5.3894
       256  56.23300 -117.34700   444.70   -4.6031
       257  56.23300 -117.36300   481.00   -3.1642
       258  56.23300 -117.37200   503.50   -2.2691
       259  56.23300 -117.38500   541.60   -0.7458
       260  56.23300 -117.39800   548.90   -0.5133
       261  56.23300 -117.41200   563.60    0.0352
       262  56.23300 -117.44200   566.30   -0.0225
       263  56.23500 -117.32800   416.70   -5.7162
       264  56.23700 -117.31800   360.90   -8.1244
       265  56.23800 -117.28500   343.80   -8.9283
       266  56.23800 -117.30800   336.20   -9.2064
       267  56.24000 -117.30000   311.80  -10.2732
       268  56.24700 -117.16200   538.90   -0.8226
       269  56.27500 -117.34500   531.60   -0.8243
       270  56.28000 -117.61300   648.90    2.5847
       271  56.30300 -117.08200   567.20    0.4538
       272  56.30500 -117.66300   648.00    2.2895
       273  56.30500 -117.82200   679.40    2.1111
       274  56.36200 -117.00500   577.60    1.0774
       275  56.36300 -117.34500   658.70    4.7719
       276  56.36300 -117.61200   649.20    2.7178
       277  56.39000 -117.99700   775.10    4.3628
       278  56.40800 -117.60500   657.20    3.1554
       279  56.40800 -117.66300   706.50    4.8165
       280  56.41500 -117.77000   755.60    5.7814
       281  56.42500 -117.60000   643.40    2.6417
       282  56.43700 -117.62200   636.10    2.2043
       283  56.44300 -117.34700   622.40    3.5564
       284  56.47500 -117.10500   298.40  -10.1308
       285  56.01700 -116.12000   690.10    1.2001
       286  56.07300 -116.92800   594.70    0.0080
       287  56.08200 -116.49500   740.00    3.6747
       288  56.09500 -116.66300   682.10    2.0225
       289  56.09800 -116.23500   713.80    1.9906
       290  56.15800 -116.81000   616.30    0.3219
       291  56.16200 -116.58800   731.80    3.8082
       292  56.21800 -116.32700   702.90    1.5324
       293  56.22200 -116.17000   713.80    2.1364
       294  56.24800 -116.77300   656.50    2.2232
       295  56.25200 -116.59800   660.20    1.3184
       296  56.25300 -116.94700   620.30    1.9371
       297  56.30800 -116.33800   699.50    1.7039
       298  56.31300 -116.11300   630.00   -1.1889
       299  56.33300 -116.53200   678.50    2.0756
       300  56.34700 -116.81800   618.10    1.4678
       301  56.37700 -116.04500   553.20   -4.3479
       302  56.42000 -116.38700   567.80   -3.1329
       303  56.45200 -116.63800   626.10    1.1818
       304  56.02300 -115.30800   633.70    0.8956
       305  56.04200 -115.84800   663.80    0.8026
       306  56.06500 -115.65500   652.60    1.0830
       307  56.11000 -115.18500   659.00    2.1751
       308  56.11000 -115.47200   667.50    2.2933
       309  56.13000 -115.91200   694.30    1.8672
       310  56.15800 -115.03200   587.70   -0.7811
       311  56.18200 -115.74000   664.20    1.4254
       312  56.20000 -115.34000   662.30    2.7365
       313  56.23800 -115.57200   610.80   -0.0986
       314  56.24300 -115.09800   576.10   -0.8491
       315  56.26500 -115.93800   608.40   -1.7982
       316  56.30800 -115.70800   543.80   -3.3513
       317  56.31300 -115.35700   568.80   -0.8746
       318  56.32800 -115.19800   596.20    0.3661
       319  56.33500 -115.55800   534.00   -3.0918
       320  56.36700 -115.86700   553.20   -3.6888
       321  56.39700 -115.43300   520.60   -2.9775
       322  56.41300 -115.70000   546.20   -3.0858
       323  56.41700 -115.13300   582.50    0.1468
       324  56.47700 -115.37700   516.90   -2.6593
       325  56.49300 -115.61500   558.40   -2.0553
       326  56.04000 -114.47200   571.20   -2.6954
       327  56.05000 -114.97000   640.40    0.9420
       328  56.06300 -114.28300   571.20   -2.4622
       329  56.06700 -114.72300   586.70   -1.9379
       330  56.11500 -114.04800   551.70   -2.4070
       331  56.11700 -114.63800   557.50   -3.2728
       332  56.16300 -114.35700   591.90   -1.8130
       333  56.19700 -114.92300   568.50   -1.7491
       334  56.20700 -114.75300   583.70   -1.7229
       335  56.21300 -114.20000   607.80   -0.7679
       336  56.23500 -114.48700   606.50   -1.1977
       337  56.27800 -114.93500   587.70   -0.5666
       338  56.28800 -114.34800   607.50   -1.3803
       339  56.32200 -114.16700   623.30   -0.3665
       340  56.33000 -114.56000   618.10   -0.5906
       341  56.33300 -114.77500   655.60    1.7208
       342  56.37700 -114.40800   707.40    2.7905
       343  56.38300 -114.99200   641.30    2.4015
       344  56.40700 -114.19800   684.00    1.8365
       345  56.43300 -114.76200   702.00    3.8682
       346  56.45300 -114.56000   684.00    2.2487
       347  56.48500 -114.30800   684.90    1.5051
       348  56.49700 -114.94800   646.80    2.8780
       706  56.50800 -119.12800   647.10   -8.0176
       707  56.51000 -119.52200   691.00   -5.7413
       708  56.51800 -119.65000   712.90   -4.5551
       709  56.53500 -119.30200   684.90   -6.5323
       710  56.53500 -119.30200   684.00   -6.5705
       711  56.56000 -119.41500   734.30   -4.3561
       712  56.56700 -119.52000   694.60   -5.8235
       713  56.56700 -119.52000   694.60   -5.8235
       714  56.58000 -119.69300   721.80   -4.2937
       715  56.65200 -119.27000  1042.40    8.1919
       716  56.66500 -119.44000  1057.70    8.9140
       717  56.68300 -119.01200  1012.80    7.2099
       718  56.68700 -119.99800   916.80    4.7349
       719  56.70200 -119.81000  1086.30   10.9220
       720  56.73300 -119.17200  1020.20    7.3045
       721  56.77300 -119.57700  1072.90    9.4951
       722  56.78200 -119.50300  1047.90    8.3539
       723  56.79000 -119.84300   878.10    2.1595
       724  56.79300 -119.16200   859.80    0.5416
       725  56.87800 -119.82200   748.60   -3.3347
       726  56.89500 -119.62300   831.80   -0.3851
       727  56.89700 -119.36800   841.50   -0.1396
       728  56.92200 -119.07000   776.00   -2.1259
       729  56.93700 -119.22000   828.80   -0.1561
       730  56.95700 -119.51800  1062.20    9.4333
       731  56.50300 -118.45700   816.90    2.0776
       732  56.51700 -118.32000   804.10    2.5043
       733  56.56500 -118.12300   701.30   -0.0148
       734  56.58500 -118.68300   795.20   -0.3121
       735  56.59500 -118.80800   685.80   -5.5496
       736  56.62300 -118.31300   709.00   -1.4530
       737  56.63000 -118.49800   795.20    0.9071
       738  56.73000 -118.37000   742.80   -0.4611
       739  56.73300 -118.75000   864.70    2.2899
       740  56.74000 -118.55500   804.10    0.9100
       741  56.75200 -118.11800   725.40    0.9806
       742  56.79500 -118.98700  1008.90    7.1220
       743  56.82200 -118.39300   699.80   -2.4431
       744  56.83000 -118.61800   830.00    1.5897
       745  56.85700 -118.13300   647.10   -2.2871
       746  56.91800 -118.67700   744.90   -1.5833
       747  56.92500 -118.43000   625.10   -5.0617
       748  56.93200 -118.83700   753.50   -1.9352
       749  56.96500 -118.20800   713.20    0.6254
       750  56.51000 -117.65800   627.00    1.6558
       751  56.51800 -117.48200   615.10    2.4984
       752  56.53800 -117.98800   672.40    0.0543
       753  56.54000 -117.80500   635.20    0.4599
       754  56.56800 -117.00300   489.50   -1.5237
       755  56.58800 -117.23500   372.80   -6.4093
       756  56.59500 -117.66800   658.40    2.9051
       757  56.59700 -117.80300   645.30    0.9155
       758  56.62200 -117.46500   624.80    3.1959
       759  56.64000 -117.12000   296.60   -9.4402
       760  56.65300 -117.65000   640.40    2.3642
       761  56.66700 -117.65000   642.20    2.4493
       762  56.68500 -117.65300   643.10    2.4709
       763  56.71300 -117.35000   498.60   -0.9106
       764  56.71300 -117.81700   656.50    1.2543
       765  56.71500 -117.45700   509.00   -1.4151
       766  56.74000 -117.16500   289.30   -9.3821
       767  56.77200 -117.45700   481.30   -2.4727
       768  56.77200 -117.64700   598.60    0.7136
       769  56.83200 -117.25500   285.60   -9.3836
       770  56.83200 -117.82300   581.30   -1.9763
       771  56.84500 -117.48200   472.10   -2.9273
       772  56.85800 -117.62300   488.00   -3.5167
       773  56.88000 -117.62300   485.50   -3.4868
       774  56.91700 -117.46300   468.80   -2.4446
       775  56.92000 -117.99500   565.40   -4.0934
       776  56.93200 -117.83300   572.40   -1.8808
       777  56.94700 -117.38200   463.30   -1.7076
       778  56.95200 -117.02000   537.10    2.6840
       779  56.96500 -117.23000   280.70   -8.6153
       780  56.99200 -117.62200   485.50   -2.8299
       781  56.51000 -116.81000   520.00   -1.8108
       782  56.51300 -116.18500   586.10   -2.6522
       783  56.53300 -116.60300   610.50    0.7141
       784  56.55200 -116.36200   590.10   -1.9216
       785  56.61800 -116.48200   625.50    0.7515
       786  56.63000 -116.12800   703.50    2.1847
       787  56.65000 -116.67500   631.50    2.7517
       788  56.69700 -116.90700   567.80    1.8310
       789  56.70200 -116.38800   655.90    1.5302
       790  56.72300 -116.17500   687.30    1.7297
       791  56.78000 -116.62700   648.90    3.7577
       792  56.80700 -116.21200   716.60    3.2075
       793  56.82800 -116.45500   687.00    3.8989
       794  56.84300 -116.96300   573.90    3.2572
       795  56.86300 -116.73200   639.80    4.6681
       796  56.89000 -116.13700   736.70    3.8012
       797  56.90800 -116.55500   649.20    3.7859
       798  56.93200 -116.37800   672.70    3.0414
       799  56.97200 -116.76000   648.60    5.9847
       800  56.50000 -115.21000   580.00    0.3194
       801  56.50300 -115.94700   584.30   -2.7089
       802  56.53000 -115.79700   602.00   -1.2136
       803  56.56700 -115.39700   515.70   -2.6558
       804  56.58800 -115.60000   571.50   -1.4697
       805  56.60200 -115.97000   663.20    0.3082
       806  56.62200 -115.23700   538.00   -1.0559
       807  56.64000 -115.80000   655.30    0.8430
       808  56.65800 -115.11500   618.70    2.7384
       809  56.67700 -115.44800   522.70   -2.5519
       810  56.68200 -115.29500   494.40   -2.8558
       811  56.68200 -115.59200   579.40   -1.1391
       812  56.70500 -115.07300   582.20    1.5915
       813  56.72700 -115.98500   697.40    1.4616
       814  56.74500 -115.75300   699.50    2.7873
       815  56.75700 -115.54800   562.00   -1.5922
       816  56.76000 -115.27200   497.40   -2.4426
       817  56.82800 -115.39000   507.50   -2.5913
       818  56.83300 -115.23200   493.50   -2.2060
       819  56.84000 -115.96500   797.70    5.5939
       820  56.85200 -115.58300   572.40   -1.4301
       821  56.88300 -115.77000   825.40    7.9053
       822  56.91800 -115.45000   522.10   -2.1245
       823  56.92800 -115.19800   472.70   -2.3127
       824  56.96200 -115.73200   770.50    6.0434
       825  56.98300 -115.00500   494.10    0.1648
       826  56.98700 -115.92500   754.40    4.2946
       827  56.99800 -115.46200   539.50   -1.1717
       828  56.51000 -114.09500   728.50    3.5421
       829  56.53800 -114.70300   706.80    4.1533
       830  56.54200 -114.51200   689.20    2.5919
       831  56.57200 -114.28000   723.90    3.4585
       832  56.58500 -114.09000   715.40    3.1422
       833  56.59500 -114.91800   661.40    3.9560
       834  56.63000 -114.71700   689.50    4.1808
       835  56.65500 -114.35200   707.10    3.2957
       836  56.65500 -114.57800   689.20    3.6223
       837  56.68500 -114.08700   741.00    4.3742
       838  56.71000 -114.72800   687.00    4.7156
       839  56.74700 -114.90300   667.80    5.1019
       840  56.75000 -114.34200   715.70    4.1258
       841  56.76000 -114.55000   697.70    4.5714
       842  56.77700 -114.18800   655.90    1.2779
       843  56.78200 -114.05200   619.00   -0.6679
       844  56.80500 -114.62500   718.40    6.1456
       845  56.81800 -114.77000   725.70    7.3056
       846  56.85300 -114.21700   597.10   -0.7017
       847  56.85700 -114.56800   606.50    1.6022
       848  56.88000 -114.41200   588.90    0.1690
       849  56.92300 -114.76200   603.80    3.2421
       850  56.95200 -114.33000   463.00   -4.8814
       851  56.97300 -114.60800   455.40   -3.2738
       852  56.99200 -114.14300   562.40   -1.3204
       853  56.82500 -115.00000   568.20    1.9630
      1175  57.01300 -119.72300   759.60   -2.7078
      1176  57.01800 -119.31300   899.20    3.1279
      1177  57.03000 -119.14700   780.30   -1.2854
      1178  57.09200 -119.52200   762.30   -2.3816
      1179  57.11700 -119.74800   745.80   -2.7773
      1180  57.13800 -119.20800  1018.00    9.2731
      1181  57.18800 -119.99700   757.70   -1.2816
      1182  57.20300 -119.49800   738.20   -2.5688
      1183  57.22700 -119.01500   997.30   10.1111
      1184  57.23200 -119.76000   768.10   -1.0645
      1185  57.23500 -119.22000   786.70    0.4535
      1186  57.31500 -119.75700   723.90   -2.2457
      1187  57.31500 -119.98700   749.50   -0.5843
      1188  57.33300 -119.52700   735.50   -1.5253
      1189  57.33500 -119.32800   666.60   -4.0309
      1190  57.33700 -119.12200   674.80   -2.6637
      1191  57.37500 -119.81800   773.00    0.4606
      1192  57.40000 -119.83000   751.60   -0.1878
      1193  57.42300 -119.45700   761.40    0.5343
      1194  57.43500 -119.99800   845.20    4.4348
      1195  57.45000 -119.58300   872.60    5.0864
      1196  57.49300 -119.31800   864.10    5.8797
      1197  57.00200 -118.94200   731.80   -2.7731
      1198  57.03200 -118.31500   689.80   -0.7310
      1199  57.04200 -118.59000   679.10   -2.7456
      1200  57.05000 -118.79300   740.40   -1.1845
      1201  57.07700 -118.17500   704.70    1.3465
      1202  57.10700 -118.98200   812.30    1.3587
      1203  57.11500 -118.32300   842.20    6.2395
      1204  57.16700 -118.78200   877.20    5.6544
      1205  57.17000 -118.12800   710.80    2.6772
      1206  57.22300 -118.42000   679.70   -0.1028
      1207  57.26000 -118.61500   772.70    3.1535
      1208  57.29700 -118.34300   653.50   -0.0633
      1209  57.29800 -118.18700   644.00    0.6507
      1210  57.30200 -118.92300  1021.10   12.3431
      1211  57.33700 -118.78500   965.90   11.1752
      1212  57.34500 -118.51700   732.10    2.8603
      1213  57.41300 -118.17800   698.90    4.1268
      1214  57.42200 -118.64700   846.40    7.8230
      1215  57.42700 -118.36700   815.60    7.9570
      1216  57.44700 -118.93300   687.30    0.1171
      1217  57.45500 -118.10000   617.50    1.6411
      1218  57.03500 -117.56300   482.20   -2.1621
      1219  57.05300 -117.56700   452.90   -3.3301
      1220  57.05300 -117.56700   452.90   -3.3301
      1221  57.05500 -117.93000   714.50    3.7429
      1222  57.06200 -117.07000   476.70    0.8174
      1223  57.08700 -117.42200   360.30   -5.5925
      1224  57.09000 -117.56500   483.70   -1.8171
      1225  57.09700 -117.75500   531.30   -1.7268
      1226  57.11200 -117.26800   275.80   -7.9410
      1227  57.13200 -117.52800   412.10   -4.2032
      1228  57.14800 -117.99800   610.20   -0.7611
      1229  57.18200 -117.75300   630.90    2.9819
      1230  57.18300 -117.36800   328.90   -5.8107
      1231  57.18800 -117.54200   513.00    0.2557
      1232  57.21700 -117.10200   272.80   -6.8451
      1233  57.24000 -117.96300   717.80    4.9067
      1234  57.27000 -117.54000   606.50    4.7426
      1235  57.27000 -117.70700   549.50    0.7609
      1236  57.28300 -117.12700   271.90   -6.5861
      1237  57.31700 -117.55000   643.40    6.5061
      1238  57.32000 -117.39200   485.90    1.3685
      1239  57.38000 -117.11200   270.40   -5.9966
      1240  57.38000 -117.54000   693.70    9.1196
      1241  57.38000 -117.99700   602.90    1.0533
      1242  57.38200 -117.71200   645.60    5.6031
      1243  57.41200 -117.34800   485.50    2.2913
      1244  57.47500 -117.49200   653.20    8.4839
      1245  57.48300 -117.50000   675.40    9.3725
      1246  57.49200 -117.11000   266.40   -5.4598
      1247  57.06200 -116.27200   689.50    3.3655
      1248  57.06300 -116.09300   638.60   -0.1707
      1249  57.07300 -116.51000   725.40    7.4506
      1250  57.08200 -116.73800   566.90    3.2150
      1251  57.12500 -116.58700   591.30    3.1382
      1252  57.13700 -116.88200   486.80    1.2339
      1253  57.16200 -116.36500   588.00    0.4474
      1254  57.17500 -116.18300   557.50   -2.4292
      1255  57.20200 -116.72700   468.50   -0.0305
      1256  57.21200 -116.93500   436.80    0.0258
      1257  57.24500 -116.33700   585.20    0.9826
      1258  57.26300 -116.13200   557.20   -1.6128
      1259  57.27800 -116.58500   481.30   -0.1579
      1260  57.29200 -116.88800   444.40    0.6088
      1261  57.36500 -116.19700   566.00    0.6905
      1262  57.36800 -116.63000   438.00   -0.5974
      1263  57.37300 -116.89500   425.50    0.4216
      1264  57.38300 -116.37300   513.00    0.0441
      1265  57.43200 -116.04300   595.00    1.8057
      1266  57.46200 -116.26500   510.20    0.0722
      1267  57.48200 -116.87700   419.40    0.8495
      1268  57.49800 -116.65500   428.20    0.3832
      1269  57.02800 -115.12200   436.20   -2.6778
      1270  57.03500 -115.26700   483.40   -1.6517
      1271  57.04700 -115.87700   763.80    5.1044
      1272  57.06800 -115.45300   529.70   -1.2133
      1273  57.10500 -115.02800   405.10   -2.7101
      1274  57.10700 -115.66800   677.00    2.8691
      1275  57.12500 -115.84700   763.20    5.4238
      1276  57.14200 -115.25300   485.20   -0.8433
      1277  57.17000 -115.49300   538.00   -0.9185
      1278  57.20000 -115.11200   397.10   -2.9150
      1279  57.20800 -115.99500   625.50   -0.5847
      1280  57.21200 -115.41000   520.00   -0.2476
      1281  57.22500 -115.75500   795.20    8.2235
      1282  57.26300 -115.03300   467.00    1.2709
      1283  57.29700 -115.98000   705.30    4.2116
      1284  57.30000 -115.21500   390.50   -2.9880
      1285  57.31700 -115.47700   529.10    0.7162
      1286  57.34800 -115.84500   769.60    8.4154
      1287  57.35300 -115.06700   462.10    1.6740
      1288  57.38000 -115.64200   777.50   10.3324
      1289  57.38700 -115.31500   384.40   -3.0436
      1290  57.42700 -115.19700   461.80    1.4927
      1291  57.46800 -115.76300   699.80    7.6500
      1292  57.47500 -115.58000   603.80    4.9248
      1293  57.48300 -115.41200   380.10   -2.9521
      1294  57.48800 -115.93200   625.80    3.9767
      1295  57.01500 -114.41800   589.50    1.6777
      1296  57.02000 -114.82200   580.30    3.4599
      1297  57.03000 -114.58700   456.30   -2.7662
      1298  57.06700 -114.47800   595.90    2.8227
      1299  57.10000 -114.26800   641.00    3.7017
      1300  57.11700 -114.87200   414.50   -2.4110
      1301  57.12200 -114.06500   705.00    5.0888
      1302  57.12200 -114.70300   428.20   -2.3193
      1303  57.20000 -114.64500   556.60    3.6970
      1304  57.22300 -114.48200   591.30    4.4331
      1305  57.23500 -114.17700   729.70    8.3742
      1306  57.25700 -114.86300   563.60    5.2012
      1307  57.30300 -114.43700   565.40    4.1788
      1308  57.30500 -114.02700   775.40   10.4166
      1309  57.31300 -114.65500   508.70    3.0116
      1310  57.33000 -114.90200   492.60    3.0029
      1311  57.34200 -114.25500   631.20    6.5045
      1312  57.37800 -114.51500   511.80    3.2989
      1313  57.41500 -114.97700   483.10    3.5312
      1314  57.42000 -114.73000   542.50    5.7811
      1315  57.42700 -114.08300   639.50    7.2000
      1316  57.44500 -114.28700   569.70    5.6903
      1317  57.46500 -114.44700   527.30    4.8343
      1318  57.47500 -114.63500   521.20    5.3038
      1601  57.50800 -119.19200   713.80    0.5376
      1602  57.52800 -119.74200   794.00    2.6211
      1603  57.56000 -119.42700   794.90    3.4883
      1604  57.59700 -119.99200   912.90    9.4590
      1605  57.61800 -119.79800   810.20    4.8932
      1606  57.65700 -119.23000   810.50    6.1089
      1607  57.66200 -119.51300   972.00   12.0823
      1608  57.72700 -119.04700   675.10    2.2778
      1609  57.72700 -119.99700   801.60    7.0610
      1610  57.76000 -119.23200   742.20    4.5323
      1611  57.76000 -119.80700   882.40   10.2458
      1612  57.78200 -119.58200   976.60   13.9233
      1613  57.79000 -119.44300   907.70   11.2152
      1614  57.86200 -119.29200   816.90    8.7493
      1615  57.86200 -119.79300   747.70    6.2615
      1616  57.86800 -119.59700   843.10    9.7923
      1617  57.90500 -119.02200   641.30    3.2601
      1618  57.96300 -119.23800   716.60    6.5355
      1619  57.99000 -119.75500   745.50    8.3259
      1620  57.51800 -118.47500   792.50    7.4858
      1621  57.54500 -118.64800   693.70    2.8485
      1622  57.56300 -118.97000   581.90   -3.1241
      1623  57.57700 -118.28700   751.30    7.5474
      1624  57.61200 -118.66700   621.50    0.5882
      1625  57.62300 -118.06200   731.50    8.7129
      1626  57.62300 -118.88700   550.80   -3.3454
      1627  57.68200 -118.46800   782.40    9.2851
      1628  57.73000 -118.11500   563.30    2.7755
      1629  57.75800 -118.79500   509.90   -2.9688
      1630  57.78700 -118.52200   543.50    0.4373
      1631  57.81700 -118.24800   503.80    0.7923
      1632  57.82500 -118.92200   695.30    4.9221
      1633  57.86200 -118.69700   480.40   -2.3653
      1634  57.88500 -118.39000   476.40   -0.4439
      1635  57.90700 -118.53700   459.60   -1.7834
      1636  57.92200 -118.21200   431.60   -1.1545
      1637  57.96300 -118.80500   570.90    2.1333
      1638  57.50000 -117.71800   779.70   12.0261
      1639  57.50500 -117.29500   484.90    3.1354
      1640  57.53800 -117.91500   773.00   10.4536
      1641  57.54500 -117.47300   518.50    3.5694
      1642  57.59800 -117.74300   691.00    9.1644
      1643  57.62200 -117.10300   264.90   -4.8185
      1644  57.62200 -117.53500   448.70    0.7811
      1645  57.62500 -117.53300   443.50    0.5993
      1646  57.65300 -117.59000   434.30    0.0610
      1647  57.67000 -117.25500   387.70    0.1997
      1648  57.67800 -117.86000   742.20   11.1801
      1649  57.73000 -117.12700   265.20   -4.2857
      1650  57.78000 -117.35300   336.80   -1.5151
      1651  57.81200 -117.61000   404.20    0.2509
      1652  57.82300 -117.09800   263.00   -3.8159
      1653  57.84700 -117.79200   399.90   -0.7026
      1654  57.86000 -117.61700   386.20   -0.2728
      1655  57.86500 -117.99700   418.20   -1.0683
      1656  57.90300 -117.36700   358.40   -0.3460
      1657  57.90500 -117.12800   261.20   -4.0135
      1658  57.90800 -117.61200   379.50   -0.4459
      1659  57.94200 -117.93700   406.00   -0.8331
      1660  57.97300 -117.14500   263.60   -4.0394
      1661  57.97300 -117.56700   367.60   -0.6907
      1662  57.53500 -116.49000   456.60    0.3941
      1663  57.56200 -116.23700   647.10    6.7635
      1664  57.56300 -116.92000   265.80   -5.0404
      1665  57.59700 -116.70700   420.60    0.8946
      1666  57.64200 -116.50800   459.60    1.4691
      1667  57.65200 -116.82800   314.30   -2.8588
      1668  57.69200 -116.24800   710.20   10.8426
      1669  57.69500 -116.08000   694.60    9.6584
      1670  57.73000 -116.89200   299.30   -2.8934
      1671  57.78800 -116.51700   509.30    4.6732
      1672  57.80200 -116.28500   647.70    9.4843
      1673  57.80700 -116.71700   384.70    0.5170
      1674  57.81800 -116.06800   745.50   13.2458
      1675  57.85800 -116.97700   293.80   -2.4202
      1676  57.86500 -116.64700   450.80    3.1257
      1677  57.93000 -116.52800   725.10   13.7981
      1678  57.94700 -116.18000   787.30   15.1669
      1679  57.95800 -116.96700   351.70   -0.2100
      1680  57.53200 -115.23300   423.40    0.6841
      1681  57.53500 -115.00700   445.30    2.9686
      1682  57.56800 -115.38300   354.80   -2.9300
      1683  57.57000 -115.99700   729.40    9.1625
      1684  57.57200 -115.56500   659.30    8.4861
      1685  57.60300 -115.81000   623.90    6.0431
      1686  57.61300 -115.17000   402.00    0.8057
      1687  57.62000 -115.67800   705.60   10.2562
      1688  57.64300 -115.07000   401.40    1.5616
      1689  57.67800 -115.92700   636.40    7.0295
      1690  57.68200 -115.57800   819.90   16.2634
      1691  57.70200 -115.39500   336.80   -2.6074
      1692  57.72300 -115.67800   706.80   11.5703
      1693  57.73300 -115.19800   362.10   -0.0395
      1694  57.75500 -115.52800   705.90   12.6734
      1695  57.77800 -115.45300   809.20   17.2693
      1696  57.82200 -115.40300   318.20   -2.1977
      1697  57.82200 -115.67700   698.30   12.3463
      1698  57.83000 -115.83300   827.50   17.1635
      1699  57.83300 -115.18700   334.40   -0.2769
      1700  57.89200 -115.95000   775.70   14.5088
      1701  57.91500 -115.50300   349.60   -2.1042
      1702  57.93700 -115.73800   354.20   -2.8088
      1703  57.94000 -115.13300   321.60   -2.3547
      1704  57.95300 -115.34500   298.70   -4.2712
      1705  57.51200 -114.07500   591.60    6.5692
      1706  57.53800 -114.41000   521.50    5.3917
      1707  57.55000 -114.80300   469.40    4.0320
      1708  57.58200 -114.00800   523.30    4.4537
      1709  57.61200 -114.19300   490.70    4.3006
      1710  57.61500 -114.62200   458.10    3.9907
      1711  57.62700 -114.39700   458.10    3.7382
      1712  57.64000 -114.82800   429.80    3.0950
      1713  57.70200 -114.49500   405.10    2.4777
      1714  57.70300 -114.11200   498.40    5.6293
      1715  57.72800 -114.31000   410.00    2.7975
      1716  57.73000 -114.73200   397.50    2.5058
      1717  57.73000 -114.98800   356.00    0.6377
      1718  57.76800 -114.46700   383.10    2.2691
      1719  57.80300 -114.10300   412.40    3.4746
      1720  57.81000 -114.75700   368.50    1.9476
      1721  57.83800 -114.60000   358.10    1.7794
      1722  57.84300 -114.97200   356.00    1.2070
      1723  57.86700 -114.19000   370.30    2.2584
      1724  57.86800 -114.41700   353.00    1.5138
      1725  57.90200 -114.70200   343.80    0.3062
      1726  57.93500 -114.31200   334.70    0.5834
      1727  57.94700 -114.55800   329.80   -0.4252
      1728  57.98800 -114.90700   327.70   -2.1937
      1729  57.99500 -114.69500   327.00   -1.6208
      2048  58.00200 -119.96000   684.60    6.7265
      2049  58.01000 -119.50500   723.00    7.4229
      2050  58.07300 -119.82700   692.50    7.8216
      2051  58.07800 -119.05700   710.80    8.6246
      2052  58.11500 -119.61500   627.60    5.4464
      2053  58.12800 -119.42800   633.40    5.8013
      2054  58.14300 -119.98800   620.90    6.4476
      2055  58.21300 -119.96500   561.40    4.5050
      2056  58.23700 -119.11000   618.70    6.4186
      2057  58.23800 -119.78300   537.70    3.2736
      2058  58.27000 -119.36000   465.40   -0.0564
      2059  58.28500 -119.55000   490.10    1.2092
      2060  58.32000 -119.73800   572.70    5.0241
      2061  58.32000 -119.93300   510.80    2.7546
      2062  58.34000 -119.20300   508.10    2.2299
      2063  58.34000 -119.43500   475.80    0.7990
      2064  58.40000 -119.87200   426.70   -0.5185
      2065  58.40700 -119.65700   449.00    0.1677
      2066  58.42000 -119.48200   500.20    2.2404
      2067  58.42500 -119.20800   476.70    1.3254
      2068  58.48300 -119.02500   457.50    1.0422
      2069  58.01000 -118.26700   460.50    0.5137
      2070  58.02800 -118.59800   540.40    2.5259
      2071  58.09800 -118.73000   505.00    1.3046
      2072  58.12800 -118.25200   542.20    4.8370
      2073  58.15200 -118.08200   389.50   -0.9316
      2074  58.18000 -118.78300   511.10    2.3041
      2075  58.18200 -118.43700   676.00   10.2056
      2076  58.18500 -118.99300   650.80    7.6529
      2077  58.28200 -118.68300   482.20    1.9098
      2078  58.29300 -118.98000   541.00    3.6650
      2079  58.33300 -118.50300   447.10    1.2453
      2080  58.34200 -118.06200   411.50    0.8270
      2081  58.34500 -118.27700   389.80   -0.4892
      2082  58.35200 -118.85700   536.10    4.1005
      2083  58.38700 -118.67200   586.70    6.8617
      2084  58.38700 -118.97000   505.00    2.6694
      2085  58.42000 -118.16800   410.60    0.9143
      2086  58.42800 -118.32800   380.40   -0.5785
      2087  58.46200 -118.50700   416.70    0.6581
      2088  58.00000 -117.14800   349.30   -0.4790
      2089  58.02200 -117.05300   356.30   -0.1162
      2090  58.02200 -117.37000   342.30   -1.0969
      2091  58.03500 -117.93700   416.00    0.0365
      2092  58.05300 -117.33300   339.20   -1.1477
      2093  58.07800 -117.30200   338.90   -1.1572
      2094  58.07800 -117.46800   350.20   -1.0432
      2095  58.08000 -117.70700   370.60   -0.8171
      2096  58.08800 -117.13800   346.90   -0.6956
      2097  58.15500 -117.07700   332.80   -1.3597
      2098  58.15500 -117.29500   335.30   -1.3805
      2099  58.15800 -117.49700   349.90   -1.0829
      2100  58.17300 -117.28300   335.90   -1.3653
      2101  58.20700 -117.65800   358.10   -0.9621
      2102  58.23300 -117.34200   337.40   -1.3944
      2103  58.25000 -117.97700   397.10    0.0459
      2104  58.25300 -117.23300   326.40   -1.8768
      2105  58.29700 -117.46300   340.80   -1.4163
      2106  58.29700 -117.68000   361.50   -0.7525
      2107  58.31000 -117.21700   326.10   -2.0042
      2108  58.31700 -117.23200   325.20   -2.0446
      2109  58.35500 -117.93300   402.60    0.6984
      2110  58.38300 -117.43000   335.90   -1.6233
      2111  58.42700 -117.23200   329.20   -2.0673
      2112  58.42800 -117.59700   372.80   -0.1130
      2113  58.43200 -117.22500   329.20   -2.0889
      2114  58.43500 -117.85000   401.10    0.9386
      2115  58.45700 -117.34500   337.40   -1.5942
      2116  58.02000 -116.46000   368.20   -1.1818
      2117  58.02000 -116.59300   344.40   -1.6492
      2118  58.02200 -116.82500   341.70   -1.0748
      2119  58.03800 -116.35000   353.00   -2.1851
      2120  58.07300 -116.66700   254.80   -5.1617
      2121  58.07500 -116.96000   258.50   -4.3672
      2122  58.07800 -116.32200   328.00   -3.2399
      2123  58.14300 -116.08300   295.00   -5.3740
      2124  58.15000 -116.32800   316.10   -3.6282
      2125  58.16300 -116.61000   253.30   -5.4502
      2126  58.16300 -116.84300   340.80   -1.2905
      2127  58.18000 -116.40500   327.70   -3.0718
      2128  58.23200 -116.69500   253.90   -5.7696
      2129  58.24000 -116.94700   321.90   -2.2245
      2130  58.24700 -116.34000   306.60   -5.2314
      2131  58.26200 -116.09700   276.80   -7.9699
      2132  58.26300 -116.48300   258.20   -6.7912
      2133  58.26700 -116.37700   312.10   -5.0887
      2134  58.31200 -116.26500   297.20   -7.0827
      2135  58.32200 -116.63000   320.30   -4.0690
      2136  58.33000 -116.96500   305.70   -3.2263
      2137  58.36200 -116.40300   290.20   -7.2287
      2138  58.36800 -116.04700   283.50  -10.1871
      2139  58.37000 -116.20500   286.20   -8.9489
      2140  58.37800 -116.79200   308.10   -4.2102
      2141  58.39700 -116.21700   249.60  -10.9012
      2142  58.41500 -116.55300   290.80   -6.8083
      2143  58.44200 -116.15500   271.30  -11.3126
      2144  58.44700 -116.96200   309.40   -3.5801
      2145  58.45800 -116.34700   291.40   -9.0555
      2146  58.46800 -116.21800   267.60  -11.4053
      2147  58.02300 -115.83300   321.60   -4.5552
      2148  58.05700 -115.08700   309.10   -4.6965
      2149  58.05800 -115.40500   288.00   -6.3102
      2150  58.05800 -115.62300   301.10   -5.7081
      2151  58.07500 -115.93800   302.70   -5.4078
      2152  58.07700 -115.25500   313.90   -5.3202
      2153  58.16700 -115.41300   264.00   -8.7541
      2154  58.16700 -115.60200   292.30   -7.0402
      2155  58.16800 -115.85800   292.90   -6.2214
      2156  58.17200 -115.97700   283.20   -6.3253
      2157  58.17300 -115.24800   300.50   -7.4010
      2158  58.25200 -115.62000   264.30  -10.3244
      2159  58.25300 -115.82300   265.20   -9.5143
      2160  58.25800 -115.00700   261.80  -10.4636
      2161  58.26300 -115.37500   256.60  -11.6556
      2162  58.29700 -115.25500   263.40  -12.1267
      2163  58.32700 -115.55500   261.50  -12.5756
      2164  58.35700 -115.36700   247.80  -14.4783
      2165  58.38500 -115.11500   247.50  -14.5015
      2166  58.40200 -115.74700   250.20  -14.1488
      2167  58.42000 -115.49300   261.20  -15.1202
      2168  58.48200 -115.69000   286.50  -14.9845
      2169  58.02300 -114.17200   306.00   -0.5670
      2170  58.07700 -114.73000   309.70   -3.5652
      2171  58.10700 -114.91200   309.40   -4.8442
      2172  58.14800 -114.34700   266.70   -3.3335
      2173  58.16300 -114.99500   304.50   -6.4566
      2174  58.18000 -114.07700   246.30   -2.7869
      2175  58.19500 -114.87000   305.40   -6.3620
      2176  58.21700 -114.59800   286.20   -5.8362
      2177  58.22500 -114.35700   278.30   -4.1416
      2178  58.28500 -114.46500   270.00   -6.6663
      2179  58.31200 -114.02000   242.90   -4.2686
      2180  58.31500 -114.85000   260.30  -10.8946
      2181  58.35200 -114.36800   259.70   -7.4368
      2182  58.35700 -114.65800   259.10  -10.5754
      2183  58.37500 -114.13000   253.60   -5.7361
      2184  58.37700 -114.86800   244.10  -13.1127
      2185  58.41200 -114.76200   253.60  -12.7945
      2186  58.42500 -114.38500   254.20   -9.2653
      2187  58.45800 -114.56500   260.60  -11.6878
      2188  58.47200 -114.03800   256.30   -5.9869
      2189  58.49200 -114.25200   253.30   -9.0435
      2808  58.50200 -119.57700   543.50    4.4632
      2809  58.55800 -119.05300   499.60    2.4889
      2810  58.57000 -119.20800   612.30    6.8642
      2811  58.58200 -119.69800   402.60   -1.6919
      2812  58.61700 -119.84800   347.50   -4.0131
      2813  58.66700 -119.63200   338.60   -4.8407
      2814  58.67500 -119.47200   336.80   -5.1389
      2815  58.69800 -119.28500   328.90   -5.7123
      2816  58.70200 -119.04800   325.80   -5.6815
      2817  58.72800 -119.85800   333.80   -5.1261
      2818  58.74500 -119.69800   334.70   -5.3340
      2819  58.76500 -119.52000   329.80   -5.8339
      2820  58.80200 -119.28000   323.40   -6.5052
      2821  58.81200 -119.94000   357.50   -4.4677
      2822  58.82000 -119.09200   325.50   -6.4372
      2823  58.84700 -119.69200   358.10   -4.8917
      2824  58.85000 -119.44300   351.40   -5.5200
      2825  58.86700 -119.47800   356.60   -5.4047
      2826  58.88800 -119.18700   353.30   -5.9033
      2827  58.90000 -119.91200   372.20   -4.4401
      2828  58.95000 -119.22000   364.20   -6.0319
      2829  58.97000 -119.48500   392.30   -4.7860
      2830  58.97500 -119.02300   367.60   -6.1098
      2831  58.51500 -118.73700   417.60    0.1820
      2832  58.53200 -118.88800   420.90   -0.2370
      2833  58.54500 -118.36800   355.10   -1.7337
      2834  58.59800 -118.50500   375.50   -1.6050
      2835  58.60500 -118.65200   362.40   -2.5742
      2836  58.63500 -118.20500   365.10   -1.5777
      2837  58.69200 -118.39800   340.20   -3.5809
      2838  58.71300 -118.24700   351.10   -2.8259
      2839  58.72700 -118.89300   328.00   -5.4811
      2840  58.73300 -118.01000   360.30   -1.6316
      2841  58.73800 -118.52500   339.50   -4.2768
      2842  58.77200 -118.75800   328.60   -5.4855
      2843  58.80000 -118.41800   333.80   -4.7505
      2844  58.81000 -118.60700   329.20   -5.4565
      2845  58.83700 -118.91000   328.90   -6.2068
      2846  58.85700 -118.12500   347.80   -3.4538
      2847  58.86500 -118.52300   331.30   -5.7276
      2848  58.87800 -118.30300   331.00   -5.3457
      2849  58.91800 -118.03200   322.20   -4.8350
      2850  58.92800 -118.62200   335.60   -6.4939
      2851  58.94200 -118.81500   337.40   -6.8365
      2852  58.97700 -118.37300   343.50   -6.2891
      2853  58.52800 -117.58500   380.70    0.2164
      2854  58.59000 -117.95500   403.60    0.8335
      2855  58.60500 -117.74800   484.60    4.3786
      2856  58.65200 -117.55700   723.30   14.1606
      2857  58.66700 -117.18300   337.40   -1.9555
      2858  58.68700 -117.00700   365.50   -1.2619
      2859  58.69000 -117.39200   709.90   13.6637
      2860  58.72700 -117.25200   333.80   -1.9082
      2861  58.75500 -117.63300   381.30    0.0262
      2862  58.78200 -117.05200   380.70   -0.5254
      2863  58.80700 -117.71700   352.40   -1.4126
      2864  58.81500 -117.42700   340.80   -1.4374
      2865  58.83200 -117.26000   377.30   -0.0058
      2866  58.88200 -117.46700   317.90   -2.7070
      2867  58.89700 -117.28300   381.90    0.1443
      2868  58.89700 -117.81500   353.90   -2.3820
      2869  58.90800 -117.51200   350.20   -1.6130
      2870  58.96200 -117.13300   398.10    0.5451
      2871  58.50000 -116.33300   307.50   -9.1904
      2872  58.50000 -116.84700   318.20   -4.2755
      2873  58.51000 -116.58300   314.90   -6.4821
      2874  58.51300 -116.60500   309.40   -6.5246
      2875  58.51500 -116.34800   313.60   -8.8557
      2876  58.51500 -116.51500   310.00   -7.3825
      2877  58.51500 -116.67800   312.40   -5.7229
      2878  58.51500 -116.91300   322.50   -3.6143
      2879  58.51700 -116.84800   318.50   -4.2640
      2880  58.53800 -116.09500   310.90  -11.7518
      2881  58.58300 -116.34500   324.30   -8.8578
      2882  58.59700 -116.91700   341.70   -2.8796
      2883  58.63300 -116.65800   363.30   -4.0566
      2884  58.65200 -116.51700   371.90   -5.3541
      2885  58.67200 -116.19200   386.80   -8.6857
      2886  58.78200 -116.27000   509.90   -3.3715
      2887  58.78300 -116.16200   472.70   -6.5088
      2888  58.78700 -116.40200   496.50   -2.1552
      2889  58.79000 -116.40700   496.50   -2.1071
      2890  58.79800 -116.72700   458.10    0.0785
      2891  58.83700 -116.91300   433.10    0.6838
      2892  58.85500 -116.08200   731.50    2.9532
      2893  58.86500 -116.57800   539.80    1.9397
      2894  58.89000 -116.08300   809.20    6.6680
      2895  58.91200 -116.42000   649.50    4.9331
      2896  58.94800 -116.87800   471.50    2.4937
      2897  58.95200 -116.11700   818.10    8.3707
      2898  58.96800 -116.35700   905.90   15.2430
      2899  58.97300 -116.67700   541.30    4.0167
      2900  58.53200 -115.91300   296.60  -13.9095
      2901  58.54300 -115.47300   318.80  -15.6960
      2902  58.59200 -115.89800   332.80  -13.2912
      2903  58.59300 -115.15300   346.90  -15.3404
      2904  58.62500 -115.67000   345.00  -15.3391
      2905  58.62700 -115.45500   367.90  -15.4675
      2906  58.69700 -115.22700   890.00    4.7993
      2907  58.71000 -115.40000   812.90    1.3243
      2908  58.72700 -115.97300   477.60   -8.2777
      2909  58.76700 -115.42300   874.80    3.0435
      2910  58.77000 -115.70000   818.70    2.3517
      2911  58.80200 -115.16500   902.50    3.7356
      2912  58.84500 -115.94200   863.50    6.3858
      2913  58.84700 -115.87500   833.90    4.4208
      2914  58.85800 -115.93500   860.20    6.3754
      2915  58.86300 -115.73500   824.20    2.6060
      2916  58.86800 -115.53000   914.70    4.8388
      2917  58.89700 -115.16200   880.60    3.3950
      2918  58.94200 -115.93700   797.40    5.0914
      2919  58.94700 -115.25800   833.00    2.0071
      2920  58.94700 -115.25800   833.00    2.0071
      2921  58.95500 -115.49300   823.00    2.3752
      2922  58.99500 -115.70300   930.50    8.8985
      2923  58.50000 -114.96300   272.50  -15.5457
      2924  58.54500 -114.63300   251.80  -14.5489
      2925  58.54700 -114.41700   236.50  -12.5155
      2926  58.55200 -114.14800   250.60   -8.4545
      2927  58.57500 -114.66500   289.90  -13.9156
      2928  58.58000 -114.88200   304.50  -15.2211
      2929  58.58800 -114.36300   241.40  -12.1603
      2930  58.60300 -114.26500   234.40  -11.2688
      2931  58.68000 -114.40500   317.00  -10.7997
      2932  58.68300 -114.63000   398.40  -10.7509
      2933  58.68500 -114.98700   908.60    6.7668
      2934  58.68800 -114.07700   227.10   -9.5810
      2935  58.74200 -114.59700   449.90   -9.1172
      2936  58.74700 -114.94000   946.40    7.7842
      2937  58.76000 -114.46700   460.50   -6.8492
      2938  58.79500 -114.80200   938.80    7.8513
      2939  58.81300 -114.04500   238.70   -9.6092
      2940  58.81500 -114.25800   388.30   -7.1953
      2941  58.83800 -114.94000   900.40    4.4356
      2942  58.90800 -114.57500   626.40   -1.8965
      2943  58.91300 -114.32500   693.40    4.7658
      2944  58.93000 -114.84500   759.30    0.9223
      2945  58.97300 -114.49800   661.40    1.4593
      2946  58.98700 -114.18200   897.00   15.8253
      3515  59.01300 -119.99800   396.20   -4.0360
      3516  59.02000 -119.71500   415.10   -3.7991
      3517  59.05500 -119.53200   421.50   -4.1980
      3518  59.05700 -119.25300   398.70   -5.6083
      3519  59.12300 -120.00000   420.60   -3.7372
      3520  59.12500 -119.72300   461.50   -2.6560
      3521  59.13200 -119.20500   420.90   -5.4007
      3522  59.17800 -119.04200   445.60   -4.7846
      3523  59.18000 -119.46800   594.40    1.8659
      3524  59.21500 -119.99700   484.00   -1.4763
      3525  59.23500 -119.82300   545.60    0.6477
      3526  59.24800 -119.62200   599.50    2.3943
      3527  59.27000 -119.28700   562.70   -0.0086
      3528  59.30500 -119.42300   569.10    0.4745
      3529  59.34300 -119.81500   584.60    2.0474
      3530  59.37500 -119.25300   584.90    0.6240
      3531  59.37800 -119.54200   734.30    7.5044
      3532  59.38300 -119.99300   509.90   -0.7558
      3533  59.42500 -119.84700   561.40    0.9964
      3534  59.47300 -119.36300   587.00    0.7008
      3535  59.47500 -119.14300   584.90    0.1346
      3536  59.47500 -119.64300   722.40    7.1295
      3537  59.02500 -118.09700   335.30   -6.0007
      3538  59.04000 -118.35300   343.50   -7.0298
      3539  59.09200 -118.90200   378.30   -6.7804
      3540  59.12500 -118.10800   358.40   -6.3891
      3541  59.12500 -118.31700   368.20   -6.9572
      3542  59.12500 -118.65800   379.20   -7.0668
      3543  59.15300 -118.46200   383.40   -6.9461
      3544  59.17800 -118.89300   436.50   -5.2004
      3545  59.19300 -118.05200   359.00   -6.9354
      3546  59.20700 -118.64200   431.60   -5.5746
      3547  59.28200 -118.14500   381.90   -7.2520
      3548  59.28700 -118.99200   631.20    2.5115
      3549  59.28800 -118.70000   657.20    3.4247
      3550  59.33500 -118.84700   618.70    1.7100
      3551  59.34700 -118.48300   691.30    4.4916
      3552  59.34800 -118.27800   445.60   -5.5792
      3553  59.37800 -118.97000   607.20    1.1353
      3554  59.40200 -118.64000   761.40    7.1825
      3555  59.47200 -118.00200   524.90   -2.9934
      3556  59.47300 -118.02200   524.00   -3.0618
      3557  59.47300 -118.88700   655.00    2.6447
      3558  59.47500 -118.73200   751.00    6.4892
      3559  59.47800 -118.37000   528.50   -3.2232
      3560  59.48500 -118.14800   604.70    0.0979
      3561  59.00800 -117.63300   335.00   -3.3877
      3562  59.02200 -117.30200   382.80   -0.0708
      3563  59.03300 -117.70500   331.60   -4.1265
      3564  59.06000 -117.18700   391.10    0.2797
      3565  59.08200 -117.70700   329.50   -4.7019
      3566  59.10700 -117.93500   341.10   -5.9359
      3567  59.11000 -117.41500   372.20   -1.3011
      3568  59.14700 -117.63300   306.00   -5.7655
      3569  59.17300 -117.59200   325.50   -4.8569
      3570  59.17500 -117.19500   380.10   -0.2751
      3571  59.19700 -117.47800   299.60   -5.4327
      3572  59.23700 -117.43300   331.60   -4.2382
      3573  59.24500 -117.68300   344.70   -5.8288
      3574  59.26700 -117.38000   299.30   -5.5006
      3575  59.28700 -117.12300   370.90   -1.1307
      3576  59.29500 -117.86500   350.20   -7.4258
      3577  59.31500 -117.35700   325.20   -4.7767
      3578  59.35200 -117.75500   347.80   -7.6444
      3579  59.36800 -117.31700   324.90   -5.0397
      3580  59.37000 -117.54200   349.60   -6.1555
      3581  59.38700 -117.08800   349.00   -2.3588
      3582  59.40700 -117.28500   306.00   -5.9910
      3583  59.41700 -117.25000   320.30   -5.1421
      3584  59.43200 -117.33700   329.20   -5.7163
      3585  59.43200 -117.50200   327.70   -7.4913
      3586  59.43500 -117.74300   353.60   -8.5359
      3587  59.44300 -117.23300   318.80   -5.3081
      3588  59.46800 -117.47500   333.50   -7.4613
      3589  59.47500 -117.00500   339.50   -2.3577
      3590  59.47500 -117.47700   317.60   -8.2510
      3591  59.47500 -117.59000   339.90   -8.5360
      3592  59.47500 -117.77800   369.70   -8.6186
      3593  59.47700 -117.17700   309.10   -5.4316
      3594  59.47700 -117.27200   322.80   -5.8441
      3595  59.48000 -117.89300   450.80   -5.7767
      3596  59.49800 -117.83000   417.30   -7.2056
      3597  59.04200 -116.26300   852.20   12.7519
      3598  59.04500 -116.45300   710.80    9.1104
      3599  59.07000 -116.08800   779.40    7.9230
      3600  59.07000 -116.08800   779.10    7.9105
      3601  59.10200 -116.68500   496.80    3.1481
      3602  59.12700 -116.13500   839.10   11.7067
      3603  59.15200 -116.24000   772.10   10.4009
      3604  59.15500 -116.92300   425.80    1.7919
      3605  59.16500 -116.58300   520.00    3.5828
      3606  59.19800 -116.73700   460.50    2.5434
      3607  59.23300 -116.22800   807.70   13.0738
      3608  59.28500 -116.95700   379.50   -0.1084
      3609  59.28700 -116.60200   455.10    2.3329
      3610  59.30700 -116.18700   717.50   10.3227
      3611  59.34500 -116.00200   787.90   12.5634
      3612  59.36800 -116.50800   442.30    2.1163
      3613  59.37200 -116.89500   369.70   -0.5256
      3614  59.39200 -116.66700   403.60    1.5229
      3615  59.40200 -116.33000   469.40    2.7994
      3616  59.47300 -116.35700   429.20    2.4239
      3617  59.47500 -116.67300   376.40    1.0595
      3618  59.47500 -116.82000   361.80   -0.3697
      3619  59.48300 -116.13300   524.60    5.3619
      3620  59.08700 -117.00000   426.40    1.9912
      3621  59.01000 -115.01500   907.10    7.0268
      3622  59.03300 -115.93200   887.00   10.1064
      3623  59.04800 -115.44300   836.40    4.3922
      3624  59.06000 -115.16800   884.20    6.5073
      3625  59.11000 -115.13500   905.30    8.3980
      3626  59.12200 -115.71800   937.90   11.5151
      3627  59.17300 -115.93300   848.30   10.6691
      3628  59.18200 -115.43700   907.10    9.9727
      3629  59.18700 -115.11700   930.30   11.0009
      3630  59.18700 -115.68300   968.30   13.7501
      3631  59.24800 -115.96800   839.40   12.2489
      3632  59.26000 -115.76800   882.10   12.6912
      3633  59.27200 -115.51200   930.30   13.5349
      3634  59.28700 -115.29200   876.30   11.0028
      3635  59.31700 -115.01300   788.50    8.3549
      3636  59.35500 -115.20700   887.30   13.2536
      3637  59.36300 -115.77800   754.40    9.9439
      3638  59.36800 -115.50800   836.40   12.0591
      3639  59.39000 -115.33800   891.50   14.2515
      3640  59.44800 -115.74800   847.30   15.6470
      3641  59.46500 -115.44500   791.00   12.4005
      3642  59.47200 -115.13800   754.70   10.6482
      3643  59.03800 -114.77700   789.40    4.3952
      3644  59.08200 -114.47300   662.30    2.8665
      3645  59.08700 -114.89300   838.20    6.3202
      3646  59.11500 -114.15300   821.40   13.9191
      3647  59.12300 -114.62300   819.60    8.1852
      3648  59.17200 -114.41200   819.30   11.0721
      3649  59.17300 -114.88300   934.20   11.7929
      3650  59.23300 -114.63700   712.00    5.5168
      3651  59.25000 -114.11800   855.30   17.1175
      3652  59.27000 -114.36300   743.70   10.2599
      3653  59.28700 -114.86300   797.40    8.8427
      3654  59.34200 -114.18700   814.70   16.0673
      3655  59.34700 -114.54200   670.60    7.0984
      3656  59.40300 -114.95500   914.40   15.8777
      3657  59.42500 -114.73200   862.00   15.3689
      3658  59.44800 -114.35800   835.80   17.2361
      3659  59.45500 -114.14300   444.70    2.9230
      4220  59.52200 -120.00000   519.70   -0.5708
      4221  59.54000 -119.85800   565.10    1.1213
      4222  59.56300 -119.12500   560.20   -0.3270
      4223  59.57800 -119.53300   548.00    0.0250
      4224  59.58000 -119.01000   581.90    0.5207
      4225  59.60000 -119.32800   520.60   -1.2646
      4226  59.63700 -119.78500   545.90    0.5135
      4227  59.64500 -119.96200   555.00    0.9018
      4228  59.66700 -119.14800   547.10    0.2958
      4229  59.69700 -119.58500   545.00    0.7567
      4230  59.72000 -119.77800   557.80    1.2757
      4231  59.72500 -119.33800   560.50    1.6329
      4232  59.75500 -119.52300   548.60    1.3095
      4233  59.79000 -119.14200   556.00    1.9604
      4234  59.79300 -119.64200   568.20    2.2279
      4235  59.80500 -119.34200   569.10    2.7515
      4236  59.80700 -119.79200   558.70    1.5531
      4237  59.83800 -119.50800   571.20    2.8673
      4238  59.85800 -119.06500   566.00    3.0731
      4239  59.88700 -119.81300   516.00    0.2001
      4240  59.90200 -119.55800   587.30    4.0141
      4241  59.90700 -119.24200   603.80    5.2017
      4242  59.91200 -119.99800   463.30   -2.4356
      4243  59.97000 -119.42800   568.50    4.1812
      4244  59.97800 -119.76300   505.40    0.6481
      4245  59.98000 -119.05500   603.50    5.8822
      4246  59.53200 -118.51800   597.40    0.0905
      4247  59.54300 -118.02800   643.10    2.0148
      4248  59.54500 -118.35200   550.20   -1.9329
      4249  59.54500 -118.73000   804.10    9.0672
      4250  59.57300 -118.12200   632.50    1.8325
      4251  59.59800 -118.80500   750.40    7.5595
      4252  59.63800 -118.16800   631.50    2.4606
      4253  59.64000 -118.47300   554.70   -0.4233
      4254  59.65000 -118.70000   555.00   -0.0500
      4255  59.70200 -118.40000   584.60    1.4612
      4256  59.70700 -118.96200   555.00    0.8468
      4257  59.71800 -118.21000   730.00    7.4399
      4258  59.73300 -118.01500   667.20    4.6741
      4259  59.74300 -118.62200   555.00    1.0103
      4260  59.76300 -118.81700   554.40    1.4100
      4261  59.81800 -118.94300   554.40    2.0870
      4262  59.82700 -118.22200   718.70    8.1627
      4263  59.82800 -118.47300   677.90    6.9472
      4264  59.83000 -118.04500   625.80    3.8530
      4265  59.85500 -118.66300   555.00    2.4471
      4266  59.89200 -118.28300   706.20    8.6897
      4267  59.90000 -118.49700   659.90    7.1463
      4268  59.91300 -118.82200   576.70    4.0391
      4269  59.93800 -118.07300   642.50    6.2757
      4270  59.97700 -118.78300   612.00    6.2542
      4271  59.98200 -118.55200   574.80    4.6973
      4272  59.50500 -117.38200   312.10   -7.7373
      4273  59.50500 -117.70300   363.60   -8.9206
      4274  59.51000 -117.62300   348.40   -8.8810
      4275  59.51200 -117.16300   312.10   -5.3135
      4276  59.52500 -117.61800   351.40   -8.6145
      4277  59.53000 -117.89000   558.70   -1.2663
      4278  59.53200 -117.53200   336.50   -8.2543
      4279  59.53300 -117.71800   385.90   -7.8756
      4280  59.54200 -117.33000   304.20   -7.3999
      4281  59.54200 -117.47500   330.40   -7.8549
      4282  59.54300 -117.40300   319.40   -7.5395
      4283  59.54700 -117.18300   304.50   -5.7463
      4284  59.54800 -117.20000   304.80   -5.9222
      4285  59.56200 -117.62200   362.70   -8.0084
      4286  59.57500 -117.19300   299.30   -6.0122
      4287  59.58000 -117.28000   297.20   -7.0448
      4288  59.59300 -117.03300   313.60   -3.6330
      4289  59.59800 -117.36200   321.00   -6.8868
      4290  59.60700 -117.62300   375.20   -7.3148
      4291  59.60800 -117.48500   346.90   -7.0407
      4292  59.61800 -117.85000   689.80    4.9841
      4293  59.63000 -117.16700   303.60   -5.4180
      4294  59.64700 -117.34500   323.70   -6.4799
      4295  59.65200 -117.50500   361.50   -6.4590
      4296  59.66000 -117.15700   299.90   -5.4173
      4297  59.67500 -117.36300   331.30   -6.2831
      4298  59.67800 -117.72000   689.80    5.6571
      4299  59.68500 -117.13800   300.50   -5.1305
      4300  59.68800 -117.25200   312.70   -5.8448
      4301  59.68800 -117.89200   687.30    5.3362
      4302  59.69700 -117.49200   374.30   -5.6709
      4303  59.71300 -117.42000   362.10   -5.4255
      4304  59.72000 -117.55800   468.50   -2.2629
      4305  59.73000 -117.09800   302.70   -4.4872
      4306  59.73300 -117.76500   654.40    4.4930
      4307  59.74500 -117.26000   323.70   -5.3507
      4308  59.75500 -117.10000   303.00   -4.4501
      4309  59.76200 -117.65200   616.90    3.3804
      4310  59.76800 -117.11000   303.00   -4.5344
      4311  59.78000 -117.33300   354.80   -4.8236
      4312  59.78700 -117.07000   300.20   -4.1884
      4313  59.78700 -117.24000   318.50   -5.2929
      4314  59.82500 -117.56300   702.60    7.9369
      4315  59.82500 -117.82300   643.10    4.5651
      4316  59.82700 -117.04300   296.60   -3.9513
      4317  59.91000 -117.43000   737.00   11.1239
      4318  59.91700 -117.03300   298.70   -3.3576
      4319  59.92500 -117.71700   680.30    7.5233
      4320  59.96000 -117.01000   299.00   -2.9161
      4321  59.96500 -117.55800   677.90    8.6029
      4322  59.96700 -117.91700   667.50    7.5848
      4323  59.56700 -116.21700   408.10    1.9732
      4324  59.58700 -116.06300   448.70    3.3066
      4325  59.59200 -116.75200   347.50   -0.1093
      4326  59.61800 -116.41800   360.00    0.9356
      4327  59.64700 -116.77200   312.10   -1.5451
      4328  59.67800 -116.24700   359.40    1.1411
      4329  59.69800 -116.60200   341.70    0.6710
      4330  59.71200 -116.38000   351.70    1.2567
      4331  59.73300 -116.86200   308.50   -2.1038
      4332  59.77000 -116.69800   312.70   -0.5279
      4333  59.82200 -116.14300   340.80    1.7115
      4334  59.83000 -116.43800   308.50    0.2001
      4335  59.83000 -116.97700   286.50   -3.7124
      4336  59.84500 -116.74200   290.80   -1.5432
      4337  59.89500 -116.30500   301.80    0.5179
      4338  59.93700 -116.65700   299.30   -0.1755
      4339  59.94700 -116.40500   308.50    0.9046
      4340  59.96000 -116.15300   301.10    0.9919
      4341  59.97200 -116.82200   285.60   -1.8915
      4342  59.54500 -115.25200   892.50   18.0270
      4343  59.56800 -115.02000   741.00   12.2122
      4344  59.57800 -115.82500   536.10    5.6575
      4345  59.61500 -115.33700   847.00   17.6696
      4346  59.62200 -115.61200   556.30    6.4845
      4347  59.65200 -115.18700   941.20   22.0836
      4348  59.66500 -115.97700   408.10    2.3171
      4349  59.72700 -115.73200   368.20    1.0049
      4350  59.73500 -115.55800   386.80    1.6000
      4351  59.76500 -115.18300   384.70    1.7680
      4352  59.77800 -115.94700   334.10    0.8147
      4353  59.79300 -115.48200   353.30    1.3564
      4354  59.82500 -115.81000   329.80    1.2363
      4355  59.87800 -115.01700   329.50    1.3391
      4356  59.88500 -115.51500   310.00    0.8632
      4357  59.88800 -115.26700   318.50    1.0938
      4358  59.94700 -115.13200   313.60    1.3019
      4359  59.97700 -115.25300   311.80    1.5381
      4360  59.97700 -115.78000   294.70    1.0102
      4361  59.51200 -114.86300   794.00   13.8314
      4362  59.51300 -114.61300   890.30   18.9447
      4363  59.55800 -114.12800   335.60   -0.2529
      4364  59.57500 -114.37500   384.40    0.4313
      4365  59.57800 -114.66200   683.40   11.2556
      4366  59.59200 -114.83000   681.50   10.8818
      4367  59.67700 -114.24000   328.90    0.1738
      4368  59.68200 -114.55500   420.30    2.7174
      4369  59.71000 -114.00800   321.90    1.1100
      4370  59.72800 -114.83500   406.30    2.1091
      4371  59.79000 -114.69700   346.60    1.1138
      4372  59.79500 -114.22800   309.10    0.6962
      4373  59.79700 -114.39800   325.20    0.9851
      4374  59.81000 -114.87700   345.60    1.2307
      4375  59.82000 -114.02500   322.80    1.9686
      4376  59.89000 -114.33200   299.30    0.8168
      4377  59.89200 -114.59000   315.20    1.1292
      4378  59.90300 -114.12000   306.30    1.5769
      4379  59.95000 -114.77700   311.50    1.2211
      4380  59.98500 -114.95500   303.60    1.0942
      4381  59.99800 -114.00300   292.60    1.7172
      4382  59.99800 -114.26800   294.40    1.3024
      4666  60.00000 -119.99800   471.80   -1.5093
      4723  60.00000 -116.98300   297.20   -2.6038

