       188   56.018000  -119.387000     705.6   -1.5468
       189   56.028000  -119.277000     677.0   -1.1999
       190   56.065000  -119.607000     651.4   -3.4540
       191   56.065000  -119.773000     630.6   -4.4523
       192   56.070000  -119.527000     675.1   -2.9291
       193   56.073000  -119.127000     641.3   -0.8471
       194   56.100000  -119.448000     705.9   -2.4185
       195   56.112000  -119.670000     623.0   -4.2062
       196   56.160000  -119.273000     706.2   -0.4116
       197   56.173000  -119.818000     608.1   -5.1453
       198   56.175000  -119.610000     376.1   -3.5245
       199   56.187000  -119.982000     646.8   -5.8017
       200   56.188000  -119.118000     680.3    1.2891
       201   56.237000  -119.458000     374.0   -0.6303
       202   56.243000  -119.817000     650.8   -4.3866
       203   56.263000  -119.313000     371.9    1.9943
       204   56.270000  -119.637000     635.8   -1.9508
       205   56.312000  -119.147000     363.6    5.8145
       206   56.327000  -119.972000     743.7   -3.9442
       207   56.342000  -119.572000     634.9    1.2925
       208   56.347000  -119.817000     709.9   -1.9464
       209   56.362000  -119.427000     643.7    4.4070
       210   56.395000  -119.882000     721.5   -1.2786
       211   56.430000  -119.818000     693.7    0.7634
       212   56.478000  -119.282000     635.2   12.2648
       213   56.478000  -119.738000     681.2    3.9249
       214   56.438000  -120.000000     751.3   -1.4123
       215   56.013000  -118.497000     598.3   -6.8840
       216   56.072000  -118.228000     647.7   -9.2653
       217   56.072000  -118.628000     594.1   -3.9189
       218   56.072000  -118.807000     622.4   -2.0085
       219   56.107000  -118.053000     670.0  -10.3104
       220   56.128000  -118.493000     650.1   -4.1193
       221   56.157000  -118.363000     679.7   -5.0148
       222   56.157000  -118.863000     619.0    0.4753
       223   56.228000  -118.075000     656.8   -6.9553
       224   56.242000  -118.397000     689.8   -1.2660
       225   56.243000  -118.815000     653.2    3.5038
       226   56.245000  -118.232000     689.5   -3.9061
       227   56.247000  -118.610000     660.2    1.9871
       228   56.305000  -118.060000     725.7   -4.8407
       229   56.332000  -118.467000     784.0    3.8263
       230   56.348000  -118.895000     638.0    8.6761
       231   56.360000  -118.658000     694.3    7.8835
       232   56.363000  -118.245000     685.8    0.8400
       233   56.363000  -118.657000     697.7    8.0190
       234   56.413000  -118.440000     789.4    6.9544
       235   56.448000  -118.733000     693.4   12.9355
       236   56.448000  -118.733000     693.4   12.9355
       237   56.450000  -118.950000     642.5   13.8245
       238   56.455000  -118.110000     717.2    0.7797
       239   56.043000  -117.288000     581.3   -8.1795
       240   56.043000  -117.890000     592.8  -12.0993
       241   56.057000  -117.432000     562.0   -9.7675
       242   56.085000  -117.655000     560.5  -11.4708
       243   56.120000  -117.497000     327.0  -10.5943
       244   56.130000  -117.315000     568.2   -8.9947
       245   56.147000  -117.328000     562.7   -9.1938
       246   56.147000  -117.743000     654.4  -11.2161
       247   56.178000  -117.017000     602.3   -6.0379
       248   56.180000  -117.163000     560.2   -7.6607
       249   56.208000  -117.207000     538.9   -8.2570
       250   56.218000  -117.235000     471.8   -8.5918
       251   56.218000  -117.822000     657.5   -9.9476
       252   56.222000  -117.252000     458.7   -8.7749
       253   56.227000  -117.268000     409.0   -8.9526
       254   56.230000  -117.277000     370.0   -9.0525
       255   56.233000  -117.335000     424.3   -9.5389
       256   56.233000  -117.347000     444.7   -9.6259
       257   56.233000  -117.363000     481.0   -9.7341
       258   56.233000  -117.372000     503.5   -9.7916
       259   56.233000  -117.385000     541.6   -9.8694
       260   56.233000  -117.398000     548.9   -9.9498
       261   56.233000  -117.412000     563.6  -10.0297
       262   56.233000  -117.442000     566.3  -10.1895
       263   56.235000  -117.328000     416.7   -9.4905
       264   56.237000  -117.318000     360.9   -9.4274
       265   56.238000  -117.285000     343.8   -9.1553
       266   56.238000  -117.308000     336.2   -9.3532
       267   56.240000  -117.300000     311.8   -9.2969
       268   56.247000  -117.162000     538.9   -7.9577
       269   56.275000  -117.345000     531.6   -9.6743
       270   56.280000  -117.613000     648.9  -10.2029
       271   56.303000  -117.082000     567.2   -7.3424
       272   56.305000  -117.663000     648.0   -9.7720
       273   56.305000  -117.822000     679.4   -8.3868
       274   56.362000  -117.005000     577.6   -6.7542
       275   56.363000  -117.345000     658.7   -9.8552
       276   56.363000  -117.612000     649.2   -9.5923
       277   56.390000  -117.997000     775.1   -3.6183
       278   56.408000  -117.605000     657.2   -9.3726
       279   56.408000  -117.663000     706.5   -8.8066
       280   56.415000  -117.770000     755.6   -7.3145
       281   56.425000  -117.600000     643.4   -9.3386
       282   56.437000  -117.622000     636.1   -9.0739
       283   56.443000  -117.347000     622.4  -10.2138
       284   56.475000  -117.105000     298.4   -8.9138
       285   56.017000  -116.120000     690.1   -2.1224
       286   56.073000  -116.928000     594.7   -4.8079
       287   56.082000  -116.495000     740.0   -2.3704
       288   56.095000  -116.663000     682.1   -2.9711
       289   56.098000  -116.235000     713.8   -1.7429
       290   56.158000  -116.810000     616.3   -3.8938
       291   56.162000  -116.588000     731.8   -2.2948
       292   56.218000  -116.327000     702.9   -1.2534
       293   56.222000  -116.170000     713.8   -1.4716
       294   56.248000  -116.773000     656.5   -3.5949
       295   56.252000  -116.598000     660.2   -2.0930
       296   56.253000  -116.947000     620.3   -5.5240
       297   56.308000  -116.338000     699.5   -1.0082
       298   56.313000  -116.113000     630.0   -1.8423
       299   56.333000  -116.532000     678.5   -1.5298
       300   56.347000  -116.818000     618.1   -4.3056
       301   56.377000  -116.045000     553.2   -2.5570
       302   56.420000  -116.387000     567.8   -0.7431
       303   56.452000  -116.638000     626.1   -2.4770
       304   56.023000  -115.308000     633.7    3.4981
       305   56.042000  -115.848000     663.8   -0.9608
       306   56.065000  -115.655000     652.6   -0.4091
       307   56.110000  -115.185000     659.0    0.0445
       308   56.110000  -115.472000     667.5   -1.1938
       309   56.130000  -115.912000     694.3   -1.8134
       310   56.158000  -115.032000     587.7   -1.8017
       311   56.182000  -115.740000     664.2   -3.1685
       312   56.200000  -115.340000     662.3   -5.2055
       313   56.238000  -115.572000     610.8   -5.8093
       314   56.243000  -115.098000     576.1   -7.1748
       315   56.265000  -115.938000     608.4   -3.0698
       316   56.308000  -115.708000     543.8   -6.3197
       317   56.313000  -115.357000     568.8  -10.2525
       318   56.328000  -115.198000     596.2  -11.5326
       319   56.335000  -115.558000     534.0   -8.9520
       320   56.367000  -115.867000     553.2   -4.8895
       321   56.397000  -115.433000     520.6  -12.2522
       322   56.413000  -115.700000     546.2   -8.1912
       323   56.417000  -115.133000     582.5  -14.8872
       324   56.477000  -115.377000     516.9  -14.6798
       325   56.493000  -115.615000     558.4  -10.6321
       326   56.040000  -114.472000     571.2   10.0260
       327   56.050000  -114.970000     640.4    5.2120
       328   56.063000  -114.283000     571.2   10.1858
       329   56.067000  -114.723000     586.7    6.5444
       330   56.115000  -114.048000     551.7    9.4615
       331   56.117000  -114.638000     557.5    4.6188
       332   56.163000  -114.357000     591.9    5.7306
       333   56.197000  -114.923000     568.5   -3.2573
       334   56.207000  -114.753000     583.7   -1.8794
       335   56.213000  -114.200000     607.8    5.8730
       336   56.235000  -114.487000     606.5    0.8314
       337   56.278000  -114.935000     587.7   -7.9357
       338   56.288000  -114.348000     607.5    1.3356
       339   56.322000  -114.167000     623.3    3.6035
       340   56.330000  -114.560000     618.1   -4.3362
       341   56.333000  -114.775000     655.6   -8.4698
       342   56.377000  -114.408000     707.4   -2.4269
       343   56.383000  -114.992000     641.3  -13.1401
       344   56.407000  -114.198000     684.0    1.4914
       345   56.433000  -114.762000     702.0  -11.6943
       346   56.453000  -114.560000     684.0   -7.7773
       347   56.485000  -114.308000     684.9   -1.9959
       348   56.497000  -114.948000     646.8  -15.9512
       706   56.508000  -119.128000     647.1   15.6472
       707   56.510000  -119.522000     691.0    9.5018
       708   56.518000  -119.650000     712.9    7.2744
       709   56.535000  -119.302000     684.9   14.6622
       710   56.535000  -119.302000     684.0   14.6626
       711   56.560000  -119.415000     734.3   13.8044
       712   56.567000  -119.520000     694.6   12.0458
       713   56.567000  -119.520000     694.6   12.0458
       714   56.580000  -119.693000     721.8    8.8800
       715   56.652000  -119.270000    1042.4   19.6426
       716   56.665000  -119.440000    1057.7   17.2201
       717   56.683000  -119.012000    1012.8   22.7162
       718   56.687000  -119.998000     916.8    5.5836
       719   56.702000  -119.810000    1086.3   10.1831
       720   56.733000  -119.172000    1020.2   22.9156
       721   56.773000  -119.577000    1072.9   17.2663
       722   56.782000  -119.503000    1047.9   18.9597
       723   56.790000  -119.843000     878.1   11.5333
       724   56.793000  -119.162000     859.8   23.9857
       725   56.878000  -119.822000     748.6   13.6079
       726   56.895000  -119.623000     831.8   18.1472
       727   56.897000  -119.368000     841.5   22.3116
       728   56.922000  -119.070000     776.0   24.3514
       729   56.937000  -119.220000     828.8   23.5254
       730   56.957000  -119.518000    1062.2   20.1000
       731   56.503000  -118.457000     816.9   10.9666
       732   56.517000  -118.320000     804.1    8.1766
       733   56.565000  -118.123000     701.3    3.9146
       734   56.585000  -118.683000     795.2   18.0493
       735   56.595000  -118.808000     685.8   19.7808
       736   56.623000  -118.313000     709.0   10.9520
       737   56.630000  -118.498000     795.2   15.9758
       738   56.730000  -118.370000     742.8   14.5894
       739   56.733000  -118.750000     864.7   22.5480
       740   56.740000  -118.555000     804.1   19.4202
       741   56.752000  -118.118000     725.4    6.6164
       742   56.795000  -118.987000    1008.9   24.5268
       743   56.822000  -118.393000     699.8   16.2173
       744   56.830000  -118.618000     830.0   21.3993
       745   56.857000  -118.133000     647.1    8.0895
       746   56.918000  -118.677000     744.9   22.2059
       747   56.925000  -118.430000     625.1   17.5562
       748   56.932000  -118.837000     753.5   23.6867
       749   56.965000  -118.208000     713.2   11.3630
       750   56.510000  -117.658000     627.0   -8.3053
       751   56.518000  -117.482000     615.1  -10.2982
       752   56.538000  -117.988000     672.4   -0.5606
       753   56.540000  -117.805000     635.2   -5.2613
       754   56.568000  -117.003000     489.5   -8.7353
       755   56.588000  -117.235000     372.8  -11.3439
       756   56.595000  -117.668000     658.4   -7.9676
       757   56.597000  -117.803000     645.3   -4.8762
       758   56.622000  -117.465000     624.8  -11.1216
       759   56.640000  -117.120000     296.6  -11.3220
       760   56.653000  -117.650000     640.4   -8.4012
       761   56.667000  -117.650000     642.2   -8.4331
       762   56.685000  -117.653000     643.1   -8.4114
       763   56.713000  -117.350000     498.6  -13.0602
       764   56.713000  -117.817000     656.5   -3.9559
       765   56.715000  -117.457000     509.0  -12.1444
       766   56.740000  -117.165000     289.3  -13.4397
       767   56.772000  -117.457000     481.3  -12.7205
       768   56.772000  -117.647000     598.6   -8.8148
       769   56.832000  -117.255000     285.6  -15.1711
       770   56.832000  -117.823000     581.3   -3.3594
       771   56.845000  -117.482000     472.1  -12.8889
       772   56.858000  -117.623000     488.0   -9.6428
       773   56.880000  -117.623000     485.5   -9.6408
       774   56.917000  -117.463000     468.8  -13.5659
       775   56.920000  -117.995000     565.4    3.5603
       776   56.932000  -117.833000     572.4   -2.3818
       777   56.947000  -117.382000     463.3  -15.0665
       778   56.952000  -117.020000     537.1  -15.4258
       779   56.965000  -117.230000     280.7  -16.6918
       780   56.992000  -117.622000     485.5   -9.2003
       781   56.510000  -116.810000     520.0   -5.1299
       782   56.513000  -116.185000     586.1   -0.9238
       783   56.533000  -116.603000     610.5   -2.3290
       784   56.552000  -116.362000     590.1   -0.4180
       785   56.618000  -116.482000     625.5   -1.2574
       786   56.630000  -116.128000     703.5   -0.8617
       787   56.650000  -116.675000     631.5   -4.2417
       788   56.697000  -116.907000     567.8   -9.2031
       789   56.702000  -116.388000     655.9   -0.6516
       790   56.723000  -116.175000     687.3   -0.2085
       791   56.780000  -116.627000     648.9   -4.8788
       792   56.807000  -116.212000     716.6   -0.1450
       793   56.828000  -116.455000     687.0   -2.2758
       794   56.843000  -116.963000     573.9  -12.8297
       795   56.863000  -116.732000     639.8   -8.4218
       796   56.890000  -116.137000     736.7   -0.5012
       797   56.908000  -116.555000     649.2   -5.0696
       798   56.932000  -116.378000     672.7   -2.1109
       799   56.972000  -116.760000     648.6  -10.7677
       800   56.500000  -115.210000     580.0  -16.6588
       801   56.503000  -115.947000     584.3   -3.9193
       802   56.530000  -115.797000     602.0   -6.8021
       803   56.567000  -115.397000     515.7  -15.3423
       804   56.588000  -115.600000     571.5  -11.2430
       805   56.602000  -115.970000     663.2   -3.0946
       806   56.622000  -115.237000     538.0  -17.6801
       807   56.640000  -115.800000     655.3   -6.3224
       808   56.658000  -115.115000     618.7  -18.3935
       809   56.677000  -115.448000     522.7  -14.5144
       810   56.682000  -115.295000     494.4  -17.1686
       811   56.682000  -115.592000     579.4  -11.1805
       812   56.705000  -115.073000     582.2  -18.5300
       813   56.727000  -115.985000     697.4   -2.1294
       814   56.745000  -115.753000     699.5   -6.8443
       815   56.757000  -115.548000     562.0  -11.9862
       816   56.760000  -115.272000     497.4  -17.4752
       817   56.828000  -115.390000     507.5  -15.5553
       818   56.833000  -115.232000     493.5  -18.0998
       819   56.840000  -115.965000     797.7   -2.1321
       820   56.852000  -115.583000     572.4  -10.9421
       821   56.883000  -115.770000     825.4   -6.1044
       822   56.918000  -115.450000     522.1  -14.5538
       823   56.928000  -115.198000     472.7  -19.1210
       824   56.962000  -115.732000     770.5   -7.2741
       825   56.983000  -115.005000     494.1  -20.2587
       826   56.987000  -115.925000     754.4   -3.0935
       827   56.998000  -115.462000     539.5  -14.9221
       828   56.510000  -114.095000     728.5    2.2702
       829   56.538000  -114.703000     706.8  -12.5249
       830   56.542000  -114.512000     689.2   -7.8565
       831   56.572000  -114.280000     723.9   -2.0232
       832   56.585000  -114.090000     715.4    1.9526
       833   56.595000  -114.918000     661.4  -16.9180
       834   56.630000  -114.717000     689.5  -13.6051
       835   56.655000  -114.352000     707.1   -4.1111
       836   56.655000  -114.578000     689.2  -10.2608
       837   56.685000  -114.087000     741.0    1.8374
       838   56.710000  -114.728000     687.0  -14.1066
       839   56.747000  -114.903000     667.8  -17.3538
       840   56.750000  -114.342000     715.7   -3.8492
       841   56.760000  -114.550000     697.7   -9.6465
       842   56.777000  -114.188000     655.9    0.0086
       843   56.782000  -114.052000     619.0    2.6372
       844   56.805000  -114.625000     718.4  -11.7603
       845   56.818000  -114.770000     725.7  -15.2940
       846   56.853000  -114.217000     597.1   -0.4325
       847   56.857000  -114.568000     606.5  -10.3579
       848   56.880000  -114.412000     588.9   -5.7880
       849   56.923000  -114.762000     603.8  -15.8773
       850   56.952000  -114.330000     463.0   -3.3527
       851   56.973000  -114.608000     455.4  -12.3057
       852   56.992000  -114.143000     562.4    2.1196
       853   56.825000  -115.000000     568.2  -18.6196
      1175   57.013000  -119.723000     759.6   17.0468
      1176   57.018000  -119.313000     899.2   21.8554
      1177   57.030000  -119.147000     780.3   22.4097
      1178   57.092000  -119.522000     762.3   19.5387
      1179   57.117000  -119.748000     745.8   17.2437
      1180   57.138000  -119.208000    1018.0   19.6317
      1181   57.188000  -119.997000     757.7   14.5139
      1182   57.203000  -119.498000     738.2   18.5916
      1183   57.227000  -119.015000     997.3   16.7301
      1184   57.232000  -119.760000     768.1   18.0297
      1185   57.235000  -119.220000     786.7   17.1271
      1186   57.315000  -119.757000     723.9   19.0184
      1187   57.315000  -119.987000     749.5   17.7422
      1188   57.333000  -119.527000     735.5   17.7371
      1189   57.335000  -119.328000     666.6   15.5437
      1190   57.337000  -119.122000     674.8   13.6402
      1191   57.375000  -119.818000     773.0   20.0558
      1192   57.400000  -119.830000     751.6   20.6003
      1193   57.423000  -119.457000     761.4   16.2386
      1194   57.435000  -119.998000     845.2   21.0369
      1195   57.450000  -119.583000     872.6   18.4804
      1196   57.493000  -119.318000     864.1   12.7348
      1197   57.002000  -118.942000     731.8   23.0408
      1198   57.032000  -118.315000     689.8   14.6578
      1199   57.042000  -118.590000     679.1   19.7347
      1200   57.050000  -118.793000     740.4   21.3844
      1201   57.077000  -118.175000     704.7   11.0575
      1202   57.107000  -118.982000     812.3   20.4757
      1203   57.115000  -118.323000     842.2   14.7455
      1204   57.167000  -118.782000     877.2   18.3443
      1205   57.170000  -118.128000     710.8   10.4488
      1206   57.223000  -118.420000     679.7   15.5749
      1207   57.260000  -118.615000     772.7   15.6970
      1208   57.297000  -118.343000     653.5   14.1627
      1209   57.298000  -118.187000     644.0   12.2805
      1210   57.302000  -118.923000    1021.1   14.1192
      1211   57.337000  -118.785000     965.9   13.1202
      1212   57.345000  -118.517000     732.1   13.7811
      1213   57.413000  -118.178000     698.9   11.5104
      1214   57.422000  -118.647000     846.4   11.0723
      1215   57.427000  -118.367000     815.6   12.1838
      1216   57.447000  -118.933000     687.3    9.3025
      1217   57.455000  -118.100000     617.5   10.1098
      1218   57.035000  -117.563000     482.2  -10.6383
      1219   57.053000  -117.567000     452.9  -10.3469
      1220   57.053000  -117.567000     452.9  -10.3469
      1221   57.055000  -117.930000     714.5    2.6314
      1222   57.062000  -117.070000     476.7  -16.9270
      1223   57.087000  -117.422000     360.3  -13.9545
      1224   57.090000  -117.565000     483.7   -9.9533
      1225   57.097000  -117.755000     531.3   -3.2351
      1226   57.112000  -117.268000     275.8  -16.5141
      1227   57.132000  -117.528000     412.1  -10.5401
      1228   57.148000  -117.998000     610.2    6.3403
      1229   57.182000  -117.753000     630.9   -1.8211
      1230   57.183000  -117.368000     328.9  -14.1160
      1231   57.188000  -117.542000     513.0   -9.1749
      1232   57.217000  -117.102000     272.8  -16.9009
      1233   57.240000  -117.963000     717.8    6.4321
      1234   57.270000  -117.540000     606.5   -7.8025
      1235   57.270000  -117.707000     549.5   -1.9173
      1236   57.283000  -117.127000     271.9  -16.2815
      1237   57.317000  -117.550000     643.4   -6.6987
      1238   57.320000  -117.392000     485.9  -11.4983
      1239   57.380000  -117.112000     270.4  -15.4298
      1240   57.380000  -117.540000     693.7   -6.1927
      1241   57.380000  -117.997000     602.9    8.5197
      1242   57.382000  -117.712000     645.6   -0.2042
      1243   57.412000  -117.348000     485.5  -11.5557
      1244   57.475000  -117.492000     653.2   -7.1559
      1245   57.483000  -117.500000     675.4   -6.9012
      1246   57.492000  -117.110000     266.4  -14.8289
      1247   57.062000  -116.272000     689.5   -1.9577
      1248   57.063000  -116.093000     638.6   -1.5538
      1249   57.073000  -116.510000     725.4   -5.9685
      1250   57.082000  -116.738000     566.9  -11.5364
      1251   57.125000  -116.587000     591.3   -8.1672
      1252   57.137000  -116.882000     486.8  -14.9343
      1253   57.162000  -116.365000     588.0   -3.6757
      1254   57.175000  -116.183000     557.5   -1.9317
      1255   57.202000  -116.727000     468.5  -11.8750
      1256   57.212000  -116.935000     436.8  -15.7812
      1257   57.245000  -116.337000     585.2   -3.3515
      1258   57.263000  -116.132000     557.2   -1.9106
      1259   57.278000  -116.585000     481.3   -8.3879
      1260   57.292000  -116.888000     444.4  -14.7996
      1261   57.365000  -116.197000     566.0   -1.4480
      1262   57.368000  -116.630000     438.0   -9.0678
      1263   57.373000  -116.895000     425.5  -14.3915
      1264   57.383000  -116.373000     513.0   -3.2559
      1265   57.432000  -116.043000     595.0   -1.2575
      1266   57.462000  -116.265000     510.2   -1.0538
      1267   57.482000  -116.877000     419.4  -13.5769
      1268   57.498000  -116.655000     428.2   -8.9636
      1269   57.028000  -115.122000     436.2  -21.0906
      1270   57.035000  -115.267000     483.4  -19.6511
      1271   57.047000  -115.877000     763.8   -4.3290
      1272   57.068000  -115.453000     529.7  -16.0064
      1273   57.105000  -115.028000     405.1  -22.6819
      1274   57.107000  -115.668000     677.0  -10.1252
      1275   57.125000  -115.847000     763.2   -5.4576
      1276   57.142000  -115.253000     485.2  -21.7646
      1277   57.170000  -115.493000     538.0  -16.1968
      1278   57.200000  -115.112000     397.1  -24.5989
      1279   57.208000  -115.995000     625.5   -3.0061
      1280   57.212000  -115.410000     520.0  -19.2098
      1281   57.225000  -115.755000     795.2   -8.3599
      1282   57.263000  -115.033000     467.0  -25.9568
      1283   57.297000  -115.980000     705.3   -3.1418
      1284   57.300000  -115.215000     390.5  -25.1087
      1285   57.317000  -115.477000     529.1  -18.0150
      1286   57.348000  -115.845000     769.6   -5.7208
      1287   57.353000  -115.067000     462.1  -27.3516
      1288   57.380000  -115.642000     777.5  -12.0079
      1289   57.387000  -115.315000     384.4  -23.4980
      1290   57.427000  -115.197000     461.8  -26.3999
      1291   57.468000  -115.763000     699.8   -7.0430
      1292   57.475000  -115.580000     603.8  -13.6263
      1293   57.483000  -115.412000     380.1  -20.0712
      1294   57.488000  -115.932000     625.8   -2.2807
      1295   57.015000  -114.418000     589.5   -6.3708
      1296   57.020000  -114.822000     580.3  -18.4395
      1297   57.030000  -114.587000     456.3  -12.2475
      1298   57.067000  -114.478000     595.9   -8.8293
      1299   57.100000  -114.268000     641.0   -1.2475
      1300   57.117000  -114.872000     414.5  -21.3038
      1301   57.122000  -114.065000     705.0    5.5966
      1302   57.122000  -114.703000     428.2  -17.3173
      1303   57.200000  -114.645000     556.6  -16.7391
      1304   57.223000  -114.482000     591.3  -10.5601
      1305   57.235000  -114.177000     729.7    2.7630
      1306   57.257000  -114.863000     563.6  -23.9931
      1307   57.303000  -114.437000     565.4   -9.3564
      1308   57.305000  -114.027000     775.4    9.4832
      1309   57.313000  -114.655000     508.7  -19.0451
      1310   57.330000  -114.902000     492.6  -26.0618
      1311   57.342000  -114.255000     631.2   -0.6373
      1312   57.378000  -114.515000     511.8  -13.9810
      1313   57.415000  -114.977000     483.1  -27.9684
      1314   57.420000  -114.730000     542.5  -23.3010
      1315   57.427000  -114.083000     639.5    7.7319
      1316   57.445000  -114.287000     569.7   -2.9845
      1317   57.465000  -114.447000     527.3  -11.7576
      1318   57.475000  -114.635000     521.2  -20.6169
      1601   57.508000  -119.192000     713.8   10.0344
      1602   57.528000  -119.742000     794.0   22.1813
      1603   57.560000  -119.427000     794.9   14.8696
      1604   57.597000  -119.992000     912.9   25.4047
      1605   57.618000  -119.798000     810.2   24.5521
      1606   57.657000  -119.230000     810.5    8.5963
      1607   57.662000  -119.513000     972.0   17.4003
      1608   57.727000  -119.047000     675.1    3.4600
      1609   57.727000  -119.997000     801.6   27.3463
      1610   57.760000  -119.232000     742.2    7.7193
      1611   57.760000  -119.807000     882.4   25.8362
      1612   57.782000  -119.582000     976.6   19.7351
      1613   57.790000  -119.443000     907.7   14.8293
      1614   57.862000  -119.292000     816.9    8.9791
      1615   57.862000  -119.793000     747.7   24.8562
      1616   57.868000  -119.597000     843.1   19.6653
      1617   57.905000  -119.022000     641.3    0.8535
      1618   57.963000  -119.238000     716.6    6.2706
      1619   57.990000  -119.755000     745.5   20.4984
      1620   57.518000  -118.475000     792.5    9.4063
      1621   57.545000  -118.648000     693.7    7.1587
      1622   57.563000  -118.970000     581.9    5.9578
      1623   57.577000  -118.287000     751.3    8.5214
      1624   57.612000  -118.667000     621.5    4.8227
      1625   57.623000  -118.062000     731.5    5.9385
      1626   57.623000  -118.887000     550.8    3.9174
      1627   57.682000  -118.468000     782.4    4.0109
      1628   57.730000  -118.115000     563.3    2.5594
      1629   57.758000  -118.795000     509.9    0.2542
      1630   57.787000  -118.522000     543.5    0.0410
      1631   57.817000  -118.248000     503.8   -0.4979
      1632   57.825000  -118.922000     695.3    0.0256
      1633   57.862000  -118.697000     480.4   -2.3464
      1634   57.885000  -118.390000     476.4   -3.0214
      1635   57.907000  -118.537000     459.6   -3.6651
      1636   57.922000  -118.212000     431.6   -5.1148
      1637   57.963000  -118.805000     570.9   -3.3163
      1638   57.500000  -117.718000     779.7    0.1949
      1639   57.505000  -117.295000     484.9  -12.3821
      1640   57.538000  -117.915000     773.0    5.3757
      1641   57.545000  -117.473000     518.5   -7.9957
      1642   57.598000  -117.743000     691.0   -0.3612
      1643   57.622000  -117.103000     264.9  -15.6193
      1644   57.622000  -117.535000     448.7   -7.2523
      1645   57.625000  -117.533000     443.5   -7.3769
      1646   57.653000  -117.590000     434.3   -6.3170
      1647   57.670000  -117.255000     387.7  -15.0506
      1648   57.678000  -117.860000     742.2    0.4513
      1649   57.730000  -117.127000     265.2  -17.8155
      1650   57.780000  -117.353000     336.8  -16.6975
      1651   57.812000  -117.610000     404.2  -11.6148
      1652   57.823000  -117.098000     263.0  -20.9163
      1653   57.847000  -117.792000     399.9   -8.3966
      1654   57.860000  -117.617000     386.2  -13.6357
      1655   57.865000  -117.997000     418.2   -5.0038
      1656   57.903000  -117.367000     358.4  -21.5145
      1657   57.905000  -117.128000     261.2  -24.1341
      1658   57.908000  -117.612000     379.5  -16.0359
      1659   57.942000  -117.937000     406.0   -9.7823
      1660   57.973000  -117.145000     263.6  -26.8591
      1661   57.973000  -117.567000     367.6  -20.1597
      1662   57.535000  -116.490000     456.6   -4.6942
      1663   57.562000  -116.237000     647.1   -0.0456
      1664   57.563000  -116.920000     265.8  -14.2351
      1665   57.597000  -116.707000     420.6  -10.3068
      1666   57.642000  -116.508000     459.6   -5.3310
      1667   57.652000  -116.828000     314.3  -13.5588
      1668   57.692000  -116.248000     710.2   -0.3352
      1669   57.695000  -116.080000     694.6    0.6754
      1670   57.730000  -116.892000     299.3  -16.2237
      1671   57.788000  -116.517000     509.3   -8.2414
      1672   57.802000  -116.285000     647.7   -2.9455
      1673   57.807000  -116.717000     384.7  -14.5631
      1674   57.818000  -116.068000     745.5   -1.2333
      1675   57.858000  -116.977000     293.8  -21.5383
      1676   57.865000  -116.647000     450.8  -14.7308
      1677   57.930000  -116.528000     725.1  -14.1270
      1678   57.947000  -116.180000     787.3   -7.0738
      1679   57.958000  -116.967000     351.7  -25.4475
      1680   57.532000  -115.233000     423.4  -25.4040
      1681   57.535000  -115.007000     445.3  -28.6679
      1682   57.568000  -115.383000     354.8  -20.3208
      1683   57.570000  -115.997000     729.4   -0.3423
      1684   57.572000  -115.565000     659.3  -13.0557
      1685   57.603000  -115.810000     623.9   -3.9134
      1686   57.613000  -115.170000     402.0  -26.3541
      1687   57.620000  -115.678000     705.6   -8.1064
      1688   57.643000  -115.070000     401.4  -27.9383
      1689   57.678000  -115.927000     636.4   -0.7091
      1690   57.682000  -115.578000     819.9  -11.2763
      1691   57.702000  -115.395000     336.8  -18.3217
      1692   57.723000  -115.678000     706.8   -7.3127
      1693   57.733000  -115.198000     362.1  -24.6649
      1694   57.755000  -115.528000     705.9  -12.7375
      1695   57.778000  -115.453000     809.2  -15.5215
      1696   57.822000  -115.403000     318.2  -17.3658
      1697   57.822000  -115.677000     698.3   -7.6921
      1698   57.830000  -115.833000     827.5   -3.8523
      1699   57.833000  -115.187000     334.4  -24.4486
      1700   57.892000  -115.950000     775.7   -3.8976
      1701   57.915000  -115.503000     349.6  -14.5014
      1702   57.937000  -115.738000     354.2   -8.3843
      1703   57.940000  -115.133000     321.6  -25.8484
      1704   57.953000  -115.345000     298.7  -20.0774
      1705   57.512000  -114.075000     591.6    7.4895
      1706   57.538000  -114.410000     521.5  -10.9855
      1707   57.550000  -114.803000     469.4  -26.7148
      1708   57.582000  -114.008000     523.3    9.5405
      1709   57.612000  -114.193000     490.7   -0.9649
      1710   57.615000  -114.622000     458.1  -22.0466
      1711   57.627000  -114.397000     458.1  -12.2174
      1712   57.640000  -114.828000     429.8  -27.7435
      1713   57.702000  -114.495000     405.1  -18.7000
      1714   57.703000  -114.112000     498.4   -0.1186
      1715   57.728000  -114.310000     410.0  -11.0765
      1716   57.730000  -114.732000     397.5  -26.7442
      1717   57.730000  -114.988000     356.0  -28.4533
      1718   57.768000  -114.467000     383.1  -19.4101
      1719   57.803000  -114.103000     412.4   -4.9847
      1720   57.810000  -114.757000     368.5  -28.0364
      1721   57.838000  -114.600000     358.1  -25.5428
      1722   57.843000  -114.972000     356.0  -28.4974
      1723   57.867000  -114.190000     370.3  -12.5409
      1724   57.868000  -114.417000     353.0  -21.0860
      1725   57.902000  -114.702000     343.8  -28.5720
      1726   57.935000  -114.312000     334.7  -20.6015
      1727   57.947000  -114.558000     329.8  -27.2771
      1728   57.988000  -114.907000     327.7  -29.5160
      1729   57.995000  -114.695000     327.0  -29.8023
      2048   58.002000  -119.960000     684.6   21.0217
      2049   58.010000  -119.505000     723.0   13.9572
      2050   58.073000  -119.827000     692.5   16.9494
      2051   58.078000  -119.057000     710.8    0.0272
      2052   58.115000  -119.615000     627.6   12.3451
      2053   58.128000  -119.428000     633.4    8.0474
      2054   58.143000  -119.988000     620.9   10.8382
      2055   58.213000  -119.965000     561.4    5.0238
      2056   58.237000  -119.110000     618.7   -1.6991
      2057   58.238000  -119.783000     537.7    4.7393
      2058   58.270000  -119.360000     465.4    0.7415
      2059   58.285000  -119.550000     490.1    1.2593
      2060   58.320000  -119.738000     572.7   -2.0048
      2061   58.320000  -119.933000     510.8   -4.6141
      2062   58.340000  -119.203000     508.1   -3.8440
      2063   58.340000  -119.435000     475.8   -2.6046
      2064   58.400000  -119.872000     426.7  -11.0513
      2065   58.407000  -119.657000     449.0   -8.4713
      2066   58.420000  -119.482000     500.2   -7.8610
      2067   58.425000  -119.208000     476.7   -7.4124
      2068   58.483000  -119.025000     457.5   -9.8973
      2069   58.010000  -118.267000     460.5   -8.0154
      2070   58.028000  -118.598000     540.4   -6.1522
      2071   58.098000  -118.730000     505.0   -5.8535
      2072   58.128000  -118.252000     542.2  -11.7065
      2073   58.152000  -118.082000     389.5  -15.0248
      2074   58.180000  -118.783000     511.1   -6.0522
      2075   58.182000  -118.437000     676.0  -10.4642
      2076   58.185000  -118.993000     650.8   -2.7150
      2077   58.282000  -118.683000     482.2   -8.6939
      2078   58.293000  -118.980000     541.0   -4.9071
      2079   58.333000  -118.503000     447.1  -11.7574
      2080   58.342000  -118.062000     411.5  -18.4302
      2081   58.345000  -118.277000     389.8  -15.1093
      2082   58.352000  -118.857000     536.1   -7.6272
      2083   58.387000  -118.672000     586.7  -10.3659
      2084   58.387000  -118.970000     505.0   -7.3012
      2085   58.420000  -118.168000     410.6  -17.2855
      2086   58.428000  -118.328000     380.4  -15.2288
      2087   58.462000  -118.507000     416.7  -13.4178
      2088   58.000000  -117.148000     349.3  -27.8349
      2089   58.022000  -117.053000     356.3  -28.5959
      2090   58.022000  -117.370000     342.3  -26.3542
      2091   58.035000  -117.937000     416.0  -13.8882
      2092   58.053000  -117.333000     339.2  -28.0161
      2093   58.078000  -117.302000     338.9  -29.2093
      2094   58.078000  -117.468000     350.2  -26.3978
      2095   58.080000  -117.707000     370.6  -20.9348
      2096   58.088000  -117.138000     346.9  -30.7804
      2097   58.155000  -117.077000     332.8  -32.3569
      2098   58.155000  -117.295000     335.3  -31.0039
      2099   58.158000  -117.497000     349.9  -27.7570
      2100   58.173000  -117.283000     335.9  -31.3771
      2101   58.207000  -117.658000     358.1  -25.1120
      2102   58.233000  -117.342000     337.4  -30.9384
      2103   58.250000  -117.977000     397.1  -19.0274
      2104   58.253000  -117.233000     326.4  -32.0415
      2105   58.297000  -117.463000     340.8  -28.7508
      2106   58.297000  -117.680000     361.5  -25.0904
      2107   58.310000  -117.217000     326.1  -31.3459
      2108   58.317000  -117.232000     325.2  -31.0724
      2109   58.355000  -117.933000     402.6  -20.5845
      2110   58.383000  -117.430000     335.9  -27.2947
      2111   58.427000  -117.232000     329.2  -27.1223
      2112   58.428000  -117.597000     372.8  -24.1909
      2113   58.432000  -117.225000     329.2  -26.9187
      2114   58.435000  -117.850000     401.1  -21.3039
      2115   58.457000  -117.345000     337.4  -25.0225
      2116   58.020000  -116.460000     368.2  -16.8862
      2117   58.020000  -116.593000     344.4  -20.4310
      2118   58.022000  -116.825000     341.7  -25.9546
      2119   58.038000  -116.350000     353.0  -15.1925
      2120   58.073000  -116.667000     254.8  -24.8485
      2121   58.075000  -116.960000     258.5  -29.9006
      2122   58.078000  -116.322000     328.0  -16.9127
      2123   58.143000  -116.083000     295.0  -17.1584
      2124   58.150000  -116.328000     316.1  -21.1007
      2125   58.163000  -116.610000     253.3  -27.3570
      2126   58.163000  -116.843000     340.8  -31.0590
      2127   58.180000  -116.405000     327.7  -24.0321
      2128   58.232000  -116.695000     253.9  -30.6017
      2129   58.240000  -116.947000     321.9  -32.8221
      2130   58.247000  -116.340000     306.6  -25.7061
      2131   58.262000  -116.097000     276.8  -23.3224
      2132   58.263000  -116.483000     258.2  -28.2660
      2133   58.267000  -116.377000     312.1  -26.8613
      2134   58.312000  -116.265000     297.2  -26.6340
      2135   58.322000  -116.630000     320.3  -30.4361
      2136   58.330000  -116.965000     305.7  -31.8240
      2137   58.362000  -116.403000     290.2  -28.4471
      2138   58.368000  -116.047000     283.5  -25.4835
      2139   58.370000  -116.205000     286.2  -26.8220
      2140   58.378000  -116.792000     308.1  -30.2680
      2141   58.397000  -116.217000     249.6  -26.9212
      2142   58.415000  -116.553000     290.8  -28.4654
      2143   58.442000  -116.155000     271.3  -25.8551
      2144   58.447000  -116.962000     309.4  -27.1365
      2145   58.458000  -116.347000     291.4  -26.4119
      2146   58.468000  -116.218000     267.6  -25.5311
      2147   58.023000  -115.833000     321.6  -10.3401
      2148   58.057000  -115.087000     309.1  -27.1452
      2149   58.058000  -115.405000     288.0  -20.0211
      2150   58.058000  -115.623000     301.1  -15.0894
      2151   58.075000  -115.938000     302.7  -12.5093
      2152   58.077000  -115.255000     313.9  -23.8042
      2153   58.167000  -115.413000     264.0  -21.9118
      2154   58.167000  -115.602000     292.3  -19.3210
      2155   58.168000  -115.858000     292.9  -17.6619
      2156   58.172000  -115.977000     283.2  -18.0752
      2157   58.173000  -115.248000     300.5  -24.5007
      2158   58.252000  -115.620000     264.3  -21.5717
      2159   58.253000  -115.823000     265.2  -21.3780
      2160   58.258000  -115.007000     261.8  -26.1246
      2161   58.263000  -115.375000     256.6  -23.0476
      2162   58.297000  -115.255000     263.4  -23.3418
      2163   58.327000  -115.555000     261.5  -22.4184
      2164   58.357000  -115.367000     247.8  -21.6774
      2165   58.385000  -115.115000     247.5  -20.2511
      2166   58.402000  -115.747000     250.2  -22.9745
      2167   58.420000  -115.493000     261.2  -20.2840
      2168   58.482000  -115.690000     286.5  -19.9446
      2169   58.023000  -114.172000     306.0  -21.2396
      2170   58.077000  -114.730000     309.7  -30.5133
      2171   58.107000  -114.912000     309.4  -29.4628
      2172   58.148000  -114.347000     266.7  -29.1825
      2173   58.163000  -114.995000     304.5  -28.0833
      2174   58.180000  -114.077000     246.3  -27.1907
      2175   58.195000  -114.870000     305.4  -28.8177
      2176   58.217000  -114.598000     286.2  -29.8503
      2177   58.225000  -114.357000     278.3  -29.9248
      2178   58.285000  -114.465000     270.0  -28.8859
      2179   58.312000  -114.020000     242.9  -29.8657
      2180   58.315000  -114.850000     260.3  -25.0894
      2181   58.352000  -114.368000     259.7  -27.4202
      2182   58.357000  -114.658000     259.1  -24.3528
      2183   58.375000  -114.130000     253.6  -28.9148
      2184   58.377000  -114.868000     244.1  -21.5139
      2185   58.412000  -114.762000     253.6  -19.7963
      2186   58.425000  -114.385000     254.2  -23.5729
      2187   58.458000  -114.565000     260.6  -18.4119
      2188   58.472000  -114.038000     256.3  -26.8419
      2189   58.492000  -114.252000     253.3  -21.7145
      2808   58.502000  -119.577000     543.5  -14.5112
      2809   58.558000  -119.053000     499.6  -12.4163
      2810   58.570000  -119.208000     612.3  -13.7364
      2811   58.582000  -119.698000     402.6  -21.9266
      2812   58.617000  -119.848000     347.5  -26.8220
      2813   58.667000  -119.632000     338.6  -24.9695
      2814   58.675000  -119.472000     336.8  -22.0311
      2815   58.698000  -119.285000     328.9  -19.3533
      2816   58.702000  -119.048000     325.8  -16.4776
      2817   58.728000  -119.858000     333.8  -31.0449
      2818   58.745000  -119.698000     334.7  -28.7302
      2819   58.765000  -119.520000     329.8  -25.5218
      2820   58.802000  -119.280000     323.4  -21.1924
      2821   58.812000  -119.940000     357.5  -32.4656
      2822   58.820000  -119.092000     325.5  -18.4210
      2823   58.847000  -119.692000     358.1  -29.4043
      2824   58.850000  -119.443000     351.4  -24.5567
      2825   58.867000  -119.478000     356.6  -25.2079
      2826   58.888000  -119.187000     353.3  -19.5191
      2827   58.900000  -119.912000     372.2  -30.9570
      2828   58.950000  -119.220000     364.2  -19.0706
      2829   58.970000  -119.485000     392.3  -23.6047
      2830   58.975000  -119.023000     367.6  -15.8416
      2831   58.515000  -118.737000     417.6  -12.1080
      2832   58.532000  -118.888000     420.9  -11.6953
      2833   58.545000  -118.368000     355.1  -15.8909
      2834   58.598000  -118.505000     375.5  -15.3107
      2835   58.605000  -118.652000     362.4  -14.3898
      2836   58.635000  -118.205000     365.1  -17.6094
      2837   58.692000  -118.398000     340.2  -16.9871
      2838   58.713000  -118.247000     351.1  -17.6550
      2839   58.727000  -118.893000     328.0  -16.0307
      2840   58.733000  -118.010000     360.3  -17.3050
      2841   58.738000  -118.525000     339.5  -16.7287
      2842   58.772000  -118.758000     328.6  -16.3243
      2843   58.800000  -118.418000     333.8  -17.4028
      2844   58.810000  -118.607000     329.2  -16.7581
      2845   58.837000  -118.910000     328.9  -16.8700
      2846   58.857000  -118.125000     347.8  -17.2354
      2847   58.865000  -118.523000     331.3  -16.9193
      2848   58.878000  -118.303000     331.0  -17.4468
      2849   58.918000  -118.032000     322.2  -16.2021
      2850   58.928000  -118.622000     335.6  -15.9399
      2851   58.942000  -118.815000     337.4  -15.4660
      2852   58.977000  -118.373000     343.5  -16.1672
      2853   58.528000  -117.585000     380.7  -20.8420
      2854   58.590000  -117.955000     403.6  -18.6007
      2855   58.605000  -117.748000     484.6  -18.2513
      2856   58.652000  -117.557000     723.3  -15.4818
      2857   58.667000  -117.183000     337.4  -11.5659
      2858   58.687000  -117.007000     365.5   -9.1168
      2859   58.690000  -117.392000     709.9  -11.9803
      2860   58.727000  -117.252000     333.8   -8.1018
      2861   58.755000  -117.633000     381.3  -12.6683
      2862   58.782000  -117.052000     380.7   -2.0461
      2863   58.807000  -117.717000     352.4  -12.8237
      2864   58.815000  -117.427000     340.8   -6.6450
      2865   58.832000  -117.260000     377.3   -2.3972
      2866   58.882000  -117.467000     317.9   -5.5322
      2867   58.897000  -117.283000     381.9   -0.3975
      2868   58.897000  -117.815000     353.9  -13.3604
      2869   58.908000  -117.512000     350.2   -6.1849
      2870   58.962000  -117.133000     398.1    5.2078
      2871   58.500000  -116.333000     307.5  -24.6223
      2872   58.500000  -116.847000     318.2  -24.1787
      2873   58.510000  -116.583000     314.9  -24.1050
      2874   58.513000  -116.605000     309.4  -23.8846
      2875   58.515000  -116.348000     313.6  -23.8708
      2876   58.515000  -116.515000     310.0  -23.8915
      2877   58.515000  -116.678000     312.4  -23.5998
      2878   58.515000  -116.913000     322.5  -22.9792
      2879   58.517000  -116.848000     318.5  -23.0158
      2880   58.538000  -116.095000     310.9  -21.6047
      2881   58.583000  -116.345000     324.3  -19.3848
      2882   58.597000  -116.917000     341.7  -16.6401
      2883   58.633000  -116.658000     363.3  -14.2695
      2884   58.652000  -116.517000     371.9  -13.0445
      2885   58.672000  -116.192000     386.8  -11.2664
      2886   58.782000  -116.270000     509.9    0.2330
      2887   58.783000  -116.162000     472.7    0.9609
      2888   58.787000  -116.402000     496.5    0.4608
      2889   58.790000  -116.407000     496.5    0.7709
      2890   58.798000  -116.727000     458.1    1.2861
      2891   58.837000  -116.913000     433.1    3.2864
      2892   58.855000  -116.082000     731.5   10.0373
      2893   58.865000  -116.578000     539.8    7.6554
      2894   58.890000  -116.083000     809.2   13.9095
      2895   58.912000  -116.420000     649.5   12.6209
      2896   58.948000  -116.878000     471.5   10.1681
      2897   58.952000  -116.117000     818.1   19.7144
      2898   58.968000  -116.357000     905.9   17.6401
      2899   58.973000  -116.677000     541.3   14.3381
      2900   58.532000  -115.913000     296.6  -20.2623
      2901   58.543000  -115.473000     318.8  -12.5769
      2902   58.592000  -115.898000     332.8  -15.9011
      2903   58.593000  -115.153000     346.9   -2.5592
      2904   58.625000  -115.670000     345.0   -8.9985
      2905   58.627000  -115.455000     367.9   -4.1128
      2906   58.697000  -115.227000     890.0    8.8696
      2907   58.710000  -115.400000     812.9    6.9707
      2908   58.727000  -115.973000     477.6   -3.4560
      2909   58.767000  -115.423000     874.8   13.7018
      2910   58.770000  -115.700000     818.7    7.0587
      2911   58.802000  -115.165000     902.5   23.4354
      2912   58.845000  -115.942000     863.5   11.0664
      2913   58.847000  -115.875000     833.9   12.6337
      2914   58.858000  -115.935000     860.2   12.7433
      2915   58.863000  -115.735000     824.2   17.8568
      2916   58.868000  -115.530000     914.7   23.8641
      2917   58.897000  -115.162000     880.6   35.0446
      2918   58.942000  -115.937000     797.4   22.1883
      2919   58.947000  -115.258000     833.0   39.1851
      2920   58.947000  -115.258000     833.0   39.1851
      2921   58.955000  -115.493000     823.0   35.0061
      2922   58.995000  -115.703000     930.5   33.2510
      2923   58.500000  -114.963000     272.5  -11.2621
      2924   58.545000  -114.633000     251.8   -9.2440
      2925   58.547000  -114.417000     236.5  -13.5058
      2926   58.552000  -114.148000     250.6  -20.0549
      2927   58.575000  -114.665000     289.9   -5.5109
      2928   58.580000  -114.882000     304.5   -2.8319
      2929   58.588000  -114.363000     241.4  -11.1002
      2930   58.603000  -114.265000     234.4  -12.6555
      2931   58.680000  -114.405000     317.0   -0.5508
      2932   58.683000  -114.630000     398.4    6.2840
      2933   58.685000  -114.987000     908.6    9.8505
      2934   58.688000  -114.077000     227.1  -11.9891
      2935   58.742000  -114.597000     449.9   12.3179
      2936   58.747000  -114.940000     946.4   17.7637
      2937   58.760000  -114.467000     460.5   10.0483
      2938   58.795000  -114.802000     938.8   22.5535
      2939   58.813000  -114.045000     238.7   -3.7580
      2940   58.815000  -114.258000     388.3    6.4005
      2941   58.838000  -114.940000     900.4   28.9906
      2942   58.908000  -114.575000     626.4   28.2464
      2943   58.913000  -114.325000     693.4   17.1059
      2944   58.930000  -114.845000     759.3   37.7025
      2945   58.973000  -114.498000     661.4   29.4616
      2946   58.987000  -114.182000     897.0   13.5053
      3515   59.013000  -119.998000     396.2  -26.8867
      3516   59.020000  -119.715000     415.1  -25.7798
      3517   59.055000  -119.532000     421.5  -21.6583
      3518   59.057000  -119.253000     398.7  -16.3267
      3519   59.123000  -120.000000     420.6  -22.1722
      3520   59.125000  -119.723000     461.5  -21.6043
      3521   59.132000  -119.205000     420.9  -12.2918
      3522   59.178000  -119.042000     445.6   -7.8184
      3523   59.180000  -119.468000     594.4  -15.0523
      3524   59.215000  -119.997000     484.0  -18.6352
      3525   59.235000  -119.823000     545.6  -17.9525
      3526   59.248000  -119.622000     599.5  -15.0167
      3527   59.270000  -119.287000     562.7   -7.1909
      3528   59.305000  -119.423000     569.1   -8.6582
      3529   59.343000  -119.815000     584.6  -14.5524
      3530   59.375000  -119.253000     584.9   -1.9220
      3531   59.378000  -119.542000     734.3   -8.8503
      3532   59.383000  -119.993000     509.9  -14.6337
      3533   59.425000  -119.847000     561.4  -13.3046
      3534   59.473000  -119.363000     587.0   -1.7325
      3535   59.475000  -119.143000     584.9    4.0742
      3536   59.475000  -119.643000     722.4   -9.0774
      3537   59.025000  -118.097000     335.3  -15.5736
      3538   59.040000  -118.353000     343.5  -14.9325
      3539   59.092000  -118.902000     378.3  -10.9252
      3540   59.125000  -118.108000     358.4  -13.8041
      3541   59.125000  -118.317000     368.2  -12.6852
      3542   59.125000  -118.658000     379.2   -9.7957
      3543   59.153000  -118.462000     383.4  -10.2261
      3544   59.178000  -118.893000     436.5   -6.7798
      3545   59.193000  -118.052000     359.0  -12.3518
      3546   59.207000  -118.642000     431.6   -5.8920
      3547   59.282000  -118.145000     381.9   -8.6657
      3548   59.287000  -118.992000     631.2   -1.6380
      3549   59.288000  -118.700000     657.2   -1.0564
      3550   59.335000  -118.847000     618.7    1.8415
      3551   59.347000  -118.483000     691.3    0.0039
      3552   59.348000  -118.278000     445.6   -3.4271
      3553   59.378000  -118.970000     607.2    3.2228
      3554   59.402000  -118.640000     761.4    4.9057
      3555   59.472000  -118.002000     524.9   -3.1469
      3556   59.473000  -118.022000     524.0   -2.6487
      3557   59.473000  -118.887000     655.0    8.2669
      3558   59.475000  -118.732000     751.0    9.0131
      3559   59.478000  -118.370000     528.5    5.4359
      3560   59.485000  -118.148000     604.7    0.8980
      3561   59.008000  -117.633000     335.0   -8.5820
      3562   59.022000  -117.302000     382.8    1.0728
      3563   59.033000  -117.705000     331.6  -10.3013
      3564   59.060000  -117.187000     391.1    4.5175
      3565   59.082000  -117.707000     329.5  -10.3742
      3566   59.107000  -117.935000     341.1  -13.5874
      3567   59.110000  -117.415000     372.2   -3.0733
      3568   59.147000  -117.633000     306.0   -9.1421
      3569   59.173000  -117.592000     325.5   -8.5329
      3570   59.175000  -117.195000     380.1    2.1577
      3571   59.197000  -117.478000     299.6   -6.3533
      3572   59.237000  -117.433000     331.6   -6.1839
      3573   59.245000  -117.683000     344.7  -10.5397
      3574   59.267000  -117.380000     299.3   -5.7944
      3575   59.287000  -117.123000     370.9   -0.0481
      3576   59.295000  -117.865000     350.2  -10.8164
      3577   59.315000  -117.357000     325.2   -6.7346
      3578   59.352000  -117.755000     347.8  -10.3380
      3579   59.368000  -117.317000     324.9   -7.6599
      3580   59.370000  -117.542000     349.6  -10.1181
      3581   59.387000  -117.088000     349.0   -3.9977
      3582   59.407000  -117.285000     306.0   -8.3946
      3583   59.417000  -117.250000     320.3   -8.2230
      3584   59.432000  -117.337000     329.2   -9.6203
      3585   59.432000  -117.502000     327.7  -10.3968
      3586   59.435000  -117.743000     353.6   -9.0337
      3587   59.443000  -117.233000     318.8   -8.8303
      3588   59.468000  -117.475000     333.5  -10.5258
      3589   59.475000  -117.005000     339.5   -6.6065
      3590   59.475000  -117.477000     317.6  -10.5372
      3591   59.475000  -117.590000     339.9   -9.9021
      3592   59.475000  -117.778000     369.7   -7.5285
      3593   59.477000  -117.177000     309.1   -9.2441
      3594   59.477000  -117.272000     322.8  -10.1078
      3595   59.480000  -117.893000     450.8   -5.1841
      3596   59.498000  -117.830000     417.3   -5.8074
      3597   59.042000  -116.263000     852.2   24.0184
      3598   59.045000  -116.453000     710.8   20.9373
      3599   59.070000  -116.088000     779.4   29.3121
      3600   59.070000  -116.088000     779.1   29.3124
      3601   59.102000  -116.685000     496.8   17.8165
      3602   59.127000  -116.135000     839.1   30.5035
      3603   59.152000  -116.240000     772.1   28.4269
      3604   59.155000  -116.923000     425.8   10.9977
      3605   59.165000  -116.583000     520.0   20.0249
      3606   59.198000  -116.737000     460.5   15.1477
      3607   59.233000  -116.228000     807.7   28.3709
      3608   59.285000  -116.957000     379.5    4.8310
      3609   59.287000  -116.602000     455.1   15.4603
      3610   59.307000  -116.187000     717.5   27.1639
      3611   59.345000  -116.002000     787.9   30.8911
      3612   59.368000  -116.508000     442.3   13.5510
      3613   59.372000  -116.895000     369.7    1.6952
      3614   59.392000  -116.667000     403.6    6.9922
      3615   59.402000  -116.330000     469.4   16.8383
      3616   59.473000  -116.357000     429.2   10.4341
      3617   59.475000  -116.673000     376.4    1.0321
      3618   59.475000  -116.820000     361.8   -2.7072
      3619   59.483000  -116.133000     524.6   16.4417
      3620   59.087000  -117.000000     426.4    9.8493
      3621   59.010000  -115.015000     907.1   45.7729
      3622   59.033000  -115.932000     887.0   30.5222
      3623   59.048000  -115.443000     836.4   44.4233
      3624   59.060000  -115.168000     884.2   48.9530
      3625   59.110000  -115.135000     905.3   51.0289
      3626   59.122000  -115.718000     937.9   41.5062
      3627   59.173000  -115.933000     848.3   37.0158
      3628   59.182000  -115.437000     907.1   49.5698
      3629   59.187000  -115.117000     930.3   51.6378
      3630   59.187000  -115.683000     968.3   44.0195
      3631   59.248000  -115.968000     839.4   35.7844
      3632   59.260000  -115.768000     882.1   41.2606
      3633   59.272000  -115.512000     930.3   46.8122
      3634   59.287000  -115.292000     876.3   48.7844
      3635   59.317000  -115.013000     788.5   45.2387
      3636   59.355000  -115.207000     887.3   44.2704
      3637   59.363000  -115.778000     754.4   36.2818
      3638   59.368000  -115.508000     836.4   41.5331
      3639   59.390000  -115.338000     891.5   41.2646
      3640   59.448000  -115.748000     847.3   29.9940
      3641   59.465000  -115.445000     791.0   33.2937
      3642   59.472000  -115.138000     754.7   32.3349
      3643   59.038000  -114.777000     789.4   43.3628
      3644   59.082000  -114.473000     662.3   32.4113
      3645   59.087000  -114.893000     838.2   47.9527
      3646   59.115000  -114.153000     821.4   15.3895
      3647   59.123000  -114.623000     819.6   39.7226
      3648   59.172000  -114.412000     819.3   29.2192
      3649   59.173000  -114.883000     934.2   48.2539
      3650   59.233000  -114.637000     712.0   38.5101
      3651   59.250000  -114.118000     855.3   12.6348
      3652   59.270000  -114.363000     743.7   24.0016
      3653   59.287000  -114.863000     797.4   43.7504
      3654   59.342000  -114.187000     814.7   12.6520
      3655   59.347000  -114.542000     670.6   27.9639
      3656   59.403000  -114.955000     914.4   36.5795
      3657   59.425000  -114.732000     862.0   28.3460
      3658   59.448000  -114.358000     835.8   13.0225
      3659   59.455000  -114.143000     444.7    5.5003
      4220   59.522000  -120.000000     519.7  -13.7894
      4221   59.540000  -119.858000     565.1  -12.5014
      4222   59.563000  -119.125000     560.2    6.5645
      4223   59.578000  -119.533000     548.0   -5.2549
      4224   59.580000  -119.010000     581.9    9.5637
      4225   59.600000  -119.328000     520.6    1.0707
      4226   59.637000  -119.785000     545.9  -11.1823
      4227   59.645000  -119.962000     555.0  -13.5413
      4228   59.667000  -119.148000     547.1    6.7341
      4229   59.697000  -119.585000     545.0   -6.7046
      4230   59.720000  -119.778000     557.8  -11.0379
      4231   59.725000  -119.338000     560.5    0.4604
      4232   59.755000  -119.523000     548.6   -5.3197
      4233   59.790000  -119.142000     556.0    5.8166
      4234   59.793000  -119.642000     568.2   -8.4032
      4235   59.805000  -119.342000     569.1   -0.5936
      4236   59.807000  -119.792000     558.7  -11.0305
      4237   59.838000  -119.508000     571.2   -5.5361
      4238   59.858000  -119.065000     566.0    6.7861
      4239   59.887000  -119.813000     516.0  -10.5789
      4240   59.902000  -119.558000     587.3   -6.9672
      4241   59.907000  -119.242000     603.8    0.5095
      4242   59.912000  -119.998000     463.3  -10.8338
      4243   59.970000  -119.428000     568.5   -4.9163
      4244   59.978000  -119.763000     505.4   -8.8807
      4245   59.980000  -119.055000     603.5    3.7109
      4246   59.532000  -118.518000     597.4   10.5142
      4247   59.543000  -118.028000     643.1    0.8356
      4248   59.545000  -118.352000     550.2    8.6135
      4249   59.545000  -118.730000     804.1   11.8891
      4250   59.573000  -118.122000     632.5    4.7689
      4251   59.598000  -118.805000     750.4   13.0872
      4252   59.638000  -118.168000     631.5    9.1408
      4253   59.640000  -118.473000     554.7   14.5839
      4254   59.650000  -118.700000     555.0   15.2734
      4255   59.702000  -118.400000     584.6   15.8712
      4256   59.707000  -118.962000     555.0   11.7102
      4257   59.718000  -118.210000     730.0   13.4604
      4258   59.733000  -118.015000     667.2    9.6797
      4259   59.743000  -118.622000     555.0   17.1486
      4260   59.763000  -118.817000     554.4   14.6431
      4261   59.818000  -118.943000     554.4   11.0681
      4262   59.827000  -118.222000     718.7   16.9102
      4263   59.828000  -118.473000     677.9   18.1867
      4264   59.830000  -118.045000     625.8   14.1705
      4265   59.855000  -118.663000     555.0   16.3974
      4266   59.892000  -118.283000     706.2   18.2323
      4267   59.900000  -118.497000     659.9   17.7208
      4268   59.913000  -118.822000     576.7   11.9262
      4269   59.938000  -118.073000     642.5   16.9839
      4270   59.977000  -118.783000     612.0   10.8531
      4271   59.982000  -118.552000     574.8   15.3881
      4272   59.505000  -117.382000     312.1  -10.8198
      4273   59.505000  -117.703000     363.6   -7.9250
      4274   59.510000  -117.623000     348.4   -8.9955
      4275   59.512000  -117.163000     312.1  -10.1279
      4276   59.525000  -117.618000     351.4   -8.7525
      4277   59.530000  -117.890000     558.7   -3.2010
      4278   59.532000  -117.532000     336.5   -9.7377
      4279   59.533000  -117.718000     385.9   -6.8434
      4280   59.542000  -117.330000     304.2  -11.0969
      4281   59.542000  -117.475000     330.4  -10.2059
      4282   59.543000  -117.403000     319.4  -10.7708
      4283   59.547000  -117.183000     304.5  -11.0398
      4284   59.548000  -117.200000     304.8  -11.1169
      4285   59.562000  -117.622000     362.7   -7.7745
      4286   59.575000  -117.193000     299.3  -11.4691
      4287   59.580000  -117.280000     297.2  -11.3597
      4288   59.593000  -117.033000     313.6  -11.1998
      4289   59.598000  -117.362000     321.0  -10.7036
      4290   59.607000  -117.623000     375.2   -6.3693
      4291   59.608000  -117.485000     346.9   -8.9373
      4292   59.618000  -117.850000     689.8   -0.2990
      4293   59.630000  -117.167000     303.6  -11.8320
      4294   59.647000  -117.345000     323.7  -10.1754
      4295   59.652000  -117.505000     361.5   -7.3435
      4296   59.660000  -117.157000     299.9  -11.8200
      4297   59.675000  -117.363000     331.3   -9.2832
      4298   59.678000  -117.720000     689.8   -1.0723
      4299   59.685000  -117.138000     300.5  -11.7676
      4300   59.688000  -117.252000     312.7  -10.5964
      4301   59.688000  -117.892000     687.3    4.2033
      4302   59.697000  -117.492000     374.3   -6.0480
      4303   59.713000  -117.420000     362.1   -7.0346
      4304   59.720000  -117.558000     468.5   -3.5067
      4305   59.730000  -117.098000     302.7  -11.5402
      4306   59.733000  -117.765000     654.4    2.7666
      4307   59.745000  -117.260000     323.7   -9.0405
      4308   59.755000  -117.100000     303.0  -11.0622
      4309   59.762000  -117.652000     616.9    0.9573
      4310   59.768000  -117.110000     303.0  -10.6489
      4311   59.780000  -117.333000     354.8   -6.3713
      4312   59.787000  -117.070000     300.2  -10.6864
      4313   59.787000  -117.240000     318.5   -8.0066
      4314   59.825000  -117.563000     702.6    1.4704
      4315   59.825000  -117.823000     643.1    8.6704
      4316   59.827000  -117.043000     296.6   -9.9533
      4317   59.910000  -117.430000     737.0    1.8364
      4318   59.917000  -117.033000     298.7   -6.9870
      4319   59.925000  -117.717000     680.3    9.9232
      4320   59.960000  -117.010000     299.0   -5.7652
      4321   59.965000  -117.558000     677.9    7.4365
      4322   59.967000  -117.917000     667.5   15.1945
      4323   59.567000  -116.217000     408.1    6.5708
      4324   59.587000  -116.063000     448.7    8.7952
      4325   59.592000  -116.752000     347.5   -7.7983
      4326   59.618000  -116.418000     360.0   -2.5175
      4327   59.647000  -116.772000     312.1  -10.3616
      4328   59.678000  -116.247000     359.4   -3.0277
      4329   59.698000  -116.602000     341.7  -10.0829
      4330   59.712000  -116.380000     351.7   -7.5124
      4331   59.733000  -116.862000     308.5  -12.5426
      4332   59.770000  -116.698000     312.7  -12.5027
      4333   59.822000  -116.143000     340.8   -9.9792
      4334   59.830000  -116.438000     308.5  -12.2933
      4335   59.830000  -116.977000     286.5  -10.7340
      4336   59.845000  -116.742000     290.8  -12.3996
      4337   59.895000  -116.305000     301.8  -12.9803
      4338   59.937000  -116.657000     299.3  -11.5671
      4339   59.947000  -116.405000     308.5  -13.1136
      4340   59.960000  -116.153000     301.1  -13.9487
      4341   59.972000  -116.822000     285.6   -8.6349
      4342   59.545000  -115.252000     892.5   24.3533
      4343   59.568000  -115.020000     741.0   19.3868
      4344   59.578000  -115.825000     536.1   15.1981
      4345   59.615000  -115.337000     847.0   16.0212
      4346   59.622000  -115.612000     556.3   13.7638
      4347   59.652000  -115.187000     941.2   10.9813
      4348   59.665000  -115.977000     408.1    3.4264
      4349   59.727000  -115.732000     368.2    1.2625
      4350   59.735000  -115.558000     386.8    1.8553
      4351   59.765000  -115.183000     384.7   -1.3950
      4352   59.778000  -115.947000     334.1   -5.4278
      4353   59.793000  -115.482000     353.3   -3.4965
      4354   59.825000  -115.810000     329.8   -7.5174
      4355   59.878000  -115.017000     329.5  -11.7164
      4356   59.885000  -115.515000     310.0  -10.7007
      4357   59.888000  -115.267000     318.5  -11.3109
      4358   59.947000  -115.132000     313.6  -15.1123
      4359   59.977000  -115.253000     311.8  -16.0885
      4360   59.977000  -115.780000     294.7  -14.9605
      4361   59.512000  -114.863000     794.0   22.8842
      4362   59.513000  -114.613000     890.3   15.8706
      4363   59.558000  -114.128000     335.6   -0.5819
      4364   59.575000  -114.375000     384.4    3.8292
      4365   59.578000  -114.662000     683.4   10.7498
      4366   59.592000  -114.830000     681.5   13.1135
      4367   59.677000  -114.240000     328.9   -5.7316
      4368   59.682000  -114.555000     420.3   -1.2959
      4369   59.710000  -114.008000     321.9   -9.3331
      4370   59.728000  -114.835000     406.3   -1.1306
      4371   59.790000  -114.697000     346.6   -8.0061
      4372   59.795000  -114.228000     309.1  -11.9606
      4373   59.797000  -114.398000     325.2  -11.0852
      4374   59.810000  -114.877000     345.6   -7.8135
      4375   59.820000  -114.025000     322.8  -13.3859
      4376   59.890000  -114.332000     299.3  -15.3602
      4377   59.892000  -114.590000     315.2  -14.6634
      4378   59.903000  -114.120000     306.3  -15.9105
      4379   59.950000  -114.777000     311.5  -16.3457
      4380   59.985000  -114.955000     303.6  -17.1302
      4381   59.998000  -114.003000     292.6  -18.0609
      4382   59.998000  -114.268000     294.4  -17.9990
      4666   60.000000  -119.998000     471.8   -8.1524
      4723   60.000000  -116.983000     297.2   -4.7880

